9780439785969
9780439358071
9780439554893
9780439655484
9780439682589
9780976540601
9780439827607
9780517226957
9780345453747
9781400052929
9780739322208
9780517149256
9780767908184
9780767915069
9780767910439
9780767903868
9780767903820
9780060920081
9780380713806
9780380727506
9780380715435
9780345538376
9780618517657
9780618346257
9780618260584
9780618391004
9780618510825
9780976694007
9780689840920
9781557344496
9780385326506
9781575606248
9781595580276
9781595962805
9780670059676
9780141312620
9780595321803
9781590301944
9780449146972
9780061159176
9780060762735
9780060749910
9780273704744
9781932386103
9780374517199
9780374280390
9780374519742
9780374522599
9780374518738
9780374522872
9780374519322
9780374516000
9780374520656
9780822205104
9780679734994
9781596670235
9781581807745
9780800793616
9780871202864
9780753454947
9780871209993
9781852402877
9780761129585
9780972016414
9781581805635
9780441294671
9780441102679
9780441172696
9780765306470
9780399128981
9780765353702
9780441328000
9780618212903
9780345410054
9780385732543
9780785260059
9780471780939
9780325001531
9780060762872
9780470045299
9780072262780
9780764569241
9780471933823
9780764559914
9780764584381
9780596523695
9780806523491
9780806525365
9780596527310
9780143035008
9780451528612
9780140449174
9780822001836
9781593080273
9780486437965
9781593081775
9780778322276
9780521313254
9780140183955
9780679767473
9781568491981
9780743270793
9780932863058
9780742508804
9780205358625
9781557344038
9780380720446
9780821925324
9780439271691
9780606105262
9780751506433
9780060786717
9780743499347
9780765313409
9781400032495
9781400032488
9781400032464
9780679732525
9780312424442
9780806930770
9780140366600
9780811201124
9780802130167
9780802131782
9780802151827
9780802151780
9780802151803
9780811201063
9780141439631
9781593080969
9781571290533
9781565842212
9780394743042
9781851681822
9781566562492
9780140195538
9780394431246
9780806501901
9780679439202
9780753453803
9781402714573
9781416500292
9780689854682
9780517221143
9781577658054
9780933121188
9780785950103
9780394800844
9780821778258
9780060733032
9788432216060
9780345413994
9780441788385
9780441748600
9780345316509
9780765314932
9780671742515
9780345455291
9780345476517
9780345368430
9781417622856
9780573650963
9780691122946
9780393329407
9780671867423
9780395883976
9780684848150
9780140156041
9780140119480
9780679722946
9780743244251
9780140179170
9780679722953
9781594201202
9780060930219
9780060931674
9780140283389
9780312423209
9780141180632
9780143039945
9780316724432
9780140189308
9781400043149
9780374522216
9780679754862
9780679752868
9780374521721
9780679754855
9780307264879
9780374529949
9780143039839
9780140097313
9780140097351
9780940650763
9780963188922
9780312426231
9780140115857
9780140154078
9780805081459
9780140178135
9780811214988
9782742741465
9780143036555
9780446579780
9780521386739
9780743203043
9780345438713
9780393318289
9781599869940
9780806519609
9780822549208
9780932813862
9780373792689
9780974514055
9780764585975
9780307281708
9780812969702
9780060255084
9780330485388
9781594130236
9780345360359
785342303476
9780321430847
9783822840856
9780743264464
9780743236010
9780553572490
9780060589462
9780802789471
9780688060695
9781859605158
9781592530878
9780451528803
9780192833983
9780486451381
9780452011878
9780451163080
9780452286757
9780451163936
9780452281257
9780451187840
9780451147950
9780452274044
9780471791430
9780553803815
9780375755194
9781592283194
9780975599518
9780374502003
9780307263940
9780312405540
9780195170139
9781400079490
9780688171629
9780060932688
9781400034956
9780307350428
9780307350442
9781400034543
9781400095803
9780375708114
9780861714926
9781843535843
9781740594776
9788408064763
9781740592055
9780618710539
9780060512804
9782228894166
9780060733353
9780060593087
9780553383447
9780380816033
9780553380965
9780553383430
9780060833183
9780553380958
9781880685358
9781880685334
9780465067107
9780465051366
9780465067091
9780898709193
9780060887964
9780061122415
9781421504605
9781591169253
9781421504599
9781591169208
9781591169291
9780060192501
9781591169239
9780812974614
9781587157394
9780142000670
9780060554736
9780142401200
9780808553038
9781400096893
9780739326220
9780099498186
9781557046833
9780099771517
9780743430593
9781932664393
9780521750844
9780802415318
9781416524793
9788495618771
9780972859899
9780307277671
9780767926034
9782266144346
9781416524809
9780552151764
9780593055076
9780786016068
9780671015206
9781585424337
9781932429237
9780977616657
9781563410901
9780345479174
9780451205360
9781419349997
9781400098033
9780743226721
9780140481396
9780226014906
9781416500186
9780310258971
9780060838584
9780141006871
9780812968064
9780385340540
9780394720241
9780345480606
9780060193393
9781579546014
9780972018418
9780471743675
9780471430452
9780805431575
9780679838869
9780373250714
9780140143454
9780802732293
694055000612
9780307238276
9781400052585
9780307346582
9781400052387
9780609609972
9781400052370
9780061234002
9788466625128
9780061245138
9780399153594
9780156030205
9780828808392
9780140285970
9780307276902
9781411677319
9780061171468
9780787968335
9780446394598
9780131494848
9780316861014
9780060574215
9780060192778
9780061232053
9780735200302
9780553381672
9780517542026
9780393324815
9780744005615
9780140280197
9780553383683
9780553295412
9780812590104
9780385516419
9780553381399
9780553382044
9780446691437
9780826413017
9780811701648
9780140442755
9780192802774
9780140449747
9780879756321
9781890318239
9780872207882
9780801435300
9780872204621
9780140449044
9780140449082
9780140446388
9780879757779
9780192824257
9780140440348
9780393959468
9780375400612
9780226327709
9780140275360
9780872203525
9780374529055
9780147712554
9780140447941
9780451527370
9780872205420
9780143039952
9780374525743
9780060931957
9780140449112
9780451527363
9780865165847
9780674995833
9781891190230
9780192837684
9781558321250
9780141000589
9780517092941
9780521618748
9781557831576
9780062512796
9780062513342
9780060527983
9780060832810
9780061122095
9780060930134
9780061124266
9780140714548
9780764586033
9780764585685
9780879232153
9780674991200
9780872201682
9780674991224
9780872203945
9780393971675
9780674991873
9780929524351
9780226307800
9780226307848
9780226307831
9781590171806
9780553213638
9780226307824
9780226307817
9780140449297
9780674995604
9780521643863
9780140447262
9780195125986
9780413752802
9780486424620
9780393325836
9780192832603
9780674995338
9780195061666
9780674995666
9780195145663
9780715631874
9780822004240
9780674995741
9780674996007
9780715629949
9780226307664
9780226307787
9780226307947
9780195135923
9780140443332
9780872203907
9780140441123
9780374527051
9780812216271
9780226307640
9780521539814
9781400041923
9780812216714
9780486292427
9781419150012
9780226307862
9780452011670
9780451527844
9780156027649
9780140444254
9780872205857
9780679431329
9780140440287
9780192835888
9781580495936
9780451621603
9780521617352
9781416500339
9780452007178
9780415907446
9780553213430
9780812234565
9780872203617
9780140448146
9781585100873
9780199120093
9780674995376
9780140441529
9780156027656
9780674995963
49086007763
9780198721598
9780451616227
9780198140818
9780872206038
9780140443325
9780521774338
9781400032716
9780316156509
9780743482776
9780743271325
9780142000281
9781576751725
9788433924636
9788433968777
9781862076655
9788433924711
9788433924629
9780321317100
9780321365200
9788432216428
9781565480841
9780679783190
9781565481244
9780520227576
9780024021502
9780872201866
9780143035985
9780192854520
9781565482012
9780060934910
9788466308953
9780156001267
9780140447897
9780393058109
9780806128948
9780806114569
9780814317327
9780674992559
9780520242609
9780674990470
9780674990463
9780814326114
9780806115603
9780691015972
9780195143102
9780195143737
9780130158857
9781857150605
9780226301198
9780521315791
9780521011761
9780521479349
9781585424832
9780767907439
9780743233217
9780743270601
9780393061314
9780865475090
9780385486804
9780785268833
9780743246989
9780446579674
9780515142396
9780439227148
9780375825385
9781591583660
9780805063899
9780394417752
9780140268683
9780140137347
9780140251579
9780192802385
9780143036234
9780486440910
9781593083243
9781400032808
9780375752674
9780385494786
9780679783619
9780374292799
9788427032224
9780898868098
9780590422673
9780451529305
9781402714580
9780439101363
9780517221167
9781931082730
9781904633273
9780743487603
9781593081386
9781586633523
9781593080556
9781857151435
9780671792275
9781405228183
9780517093399
9780375760051
9780451530042
9780671882365
9780670030774
9780140436143
9780465031269
9780060183073
9780822533894
9780439321624
9780826452320
9780747584667
9780765342515
9780765342539
9780765342522
9780413772787
9781420926712
9780198144960
9780521834346
9781573921336
9780198145042
9781853991141
9781883011086
9781883011079
9780375415029
9780394758268
9780394757650
9780394758282
9780394757681
9780812970401
9780452286870
9781421501567
9780563524748
9780670034727
9780684824710
9780142003848
9780262540377
9780465073511
9780387987200
9780262540421
9780553345841
9780553103748
9780553804362
9780553802023
9780762419227
9780465081981
9780393324464
9780380707638
9780691050843
9780060977108
9780713484076
9780316281331
9780452282315
9780452278875
9780451191151
9780446618762
9780060793197
9781400051571
9780312425029
9780312424084
9780316172325
9780849945113
9780743422079
9780517147689
9780452286535
9780517118290
9780192832979
9780192802637
9780972121798
9780743564366
9780764586606
9780679731368
9780140435825
9780192836229
9780140448009
9780140447972
9780226735191
9780312422158
9780743270755
9780743223133
9781574671322
9780142437117
9780393311334
9780142437780
9780764553028
9780471773863
9780452281325
9780684842233
9780684839370
9780072920963
9780938497196
9780671708634
9780743250979
9780671887179
9781932073201
9780915811236
9780425179611
9780306814556
9780671869205
9781400096916
9780679600855
9780345478207
9780449007389
9780679745648
9780739333648
9780684868769
9780446671828
9780813527406
9780684842578
9780940450318
9781883011949
9780940450530
9780486420493
9780689304576
9780440802501
9780307236012
9781597770071
9780618056996
9780618083558
9780395291306
9780618574995
9780618009367
9780140272925
9780670910618
9780140271577
9780198111849
9780815319665
9780671792763
9780671447540
9780684813639
9780844662923
9780743262132
9780451188458
9780761452423
9788466305136
9789626343586
9780763630188
9780143058090
9781593080181
9780415247719
9780192781536
9780919123700
9780192741561
9780252063022
9780700607426
9780515139730
9780515121490
9780061020612
9780812967050
9781854583529
9780862921477
9780674996236
9780393977615
9780141439976
9780743487733
9781571741028
9780439436540
9781842124024
9780812970753
9780141441115
9780307264893
9780824512590
9781400083114
9780156007757
9780156001410
9780156010597
9780156013031
9780156005203
9780156028790
9780156004015
9781860465024
9788466312806
9788466314749
9788466306799
9780156006248
9789587043648
9780890093894
9780001000391
9780394448046
9780143036388
9780141182674
9780375711169
9783829602266
9780679725404
9780143034544
9780807744680
9780195137897
9780071460828
9780316346627
9780786887170
9780060521998
9780141439563
9780393960693
9780664241582
9780060935467
9780060888695
9780061205699
9780761501664
9780486287591
9781416500391
9781556434952
9780192834423
9781931082303
9781931082884
9781883011093
9780140424386
9780192833600
9780140422344
9780812000399
9780198711551
9780140444087
9780671475024
9780395290316
9780140150810
9780142001615
9780689834196
9780618446889
9780394755267
9780553580075
9780805202410
9780300115864
9781568813073
9780747546559
9781558745155
9780805061833
9780007179817
9780415283045
9780684832401
9780060838652
9781565848269
9781565847255
9780500203477
9780822318644
9780395740101
9780060913076
9780425181645
9780307237200
9780940895485
9780440936855
9780877887263
9780671686901
9780877880202
9780062545039
9780521639873
9780385092104
9781419154072
9780140433395
9780907129073
9780195114157
9781400150687
9780060734015
9780439271714
9780618654796
9780525464822
9781559704649
9780786902064
9780452284937
9780385415606
9780525949787
9780452283206
9780452284449
9783471772539
9781857093315
9781421506135
9781591164418
9781421506128
9781421502717
9781421504032
9784088736211
9784088736716
9784088736525
9780373028603
9780307277763
9783257228007
9780747534938
9780140105834
9780747566755
9784088732138
9782723442275
9780440410256
9780440229353
9780440419679
9780306801457
9780156001458
9780385321983
9780375757327
9780141439822
9780393964523
9780689844089
9781587263880
9780486404882
9780520238954
9781555176808
9781883011888
9780142437179
9780486443225
9780375757372
9780393020397
9780486406640
9780520242456
9780553211955
9780060955427
9780940450738
9780060594527
9781589199507
9780671019877
9780517189603
9780451528834
9781402713194
9780142437056
9780142437018
9780879237905
9780060277406
9780465081455
9780465002603
9781594030864
9780465081431
9780465037384
9780465081424
9780744520057
9780916856595
9781893007161
9780960989867
9780395530078
9780618479030
9780374529383
9780374525750
9780374504847
9780878054909
9780374521028
9780822219750
9783458334224
9781420925432
9780451521415
9780811202107
9780141441481
9780486424545
9780393310320
9780156286510
9780141183350
9780385314695
9781594200939
9780439847797
9780439651417
9780439651400
9780380777587
9781860460586
9780750000338
9780750005944
9782253933212
9780750012638
9780750002462
9780750002424
9781420926842
9780300044881
9780486427591
9780674993389
9780872203600
9781420927320
9780226307756
9780312304355
9781416600305
9781840466386
9780553383829
9780743217187
9780070013568
9780060816193
9780061161537
9780060951306
9780060951276
9780060591717
9780060535032
9780571219766
9783518399606
9780750002448
9780399239984
9780679643357
9780345448194
9780140275018
9780345455826
9780345448149
9780140298512
9780399234767
9781890447175
9780613359603
9780141185477
9780321344755
9780060987329
9780679763970
9780156030489
9780060984380
9780060184124
9780815412182
9780060837556
9780060510855
9780380710843
9780743286428
9780517201664
9780671024185
9780671024208
9780688093686
9780380710829
9780380711963
9780764586682
9781401308582
9780099450252
9780099456766
9780385662239
9780767904414
9780767904438
9780767904421
9780618709861
9780140259100
9780446696128
9780446696135
9780446696517
9780446694858
9780446615860
9788496284531
9780446691796
9780446606813
9780446693806
9780142000205
9780446676076
9780061136955
9780670037773
9780767920742
9780307264220
9780312349486
9780671524098
9780743210768
9780440420620
9780440420637
9780440420590
9780307264121
9781421505473
8987059752
9781421505480
9780871235961
9780974607894
9780767916912
9780373706402
9781903582411
9780717801336
9780553233704
9780195421163
9780553565928
9780786180301
9780770422455
76783609419
9780770422479
9780553212419
9780393059168
9780393058000
9780471648796
9781598870299
9780871139474
9780743564670
9780448409573
9780517174968
9780743533959
9780470038321
9780764525902
9780449005576
9781590522011
9780385732550
9780064401685
9780449904961
9780156011655
9780330488150
9780964561106
9781400097029
9780307263117
9780375725234
9780679736851
9780679737995
9780375725302
9780330371858
9780143037743
9780689875342
9780452287655
9780439228909
9780060572150
9780142004203
9780143039105
9780142437308
9780099478423
9780142437919
9780143039723
9780143039020
9780140186123
9780140185331
9780671019099
9780375703874
9780375703867
9780385722223
9780060586546
9781567922691
9780940450097
9780940450240
9780140431056
9780940450004
9780440416883
9780385327879
9780142002063
9780449235942
9780862731588
9780142002025
9780142002049
9780142003251
9780142003299
9780142002155
9780141184883
9781904634003
9780141184890
9781842552476
9780679854340
9780440458159
9780192752536
9780440486879
9781405088565
9780330489997
9780330442558
9780688117221
9780330367479
9781841156736
9781589971288
9780446679220
9780830826056
9780505523242
761568107371
9780345446664
9780307275738
9780571204106
9780571204205
9780571204151
9781400096473
9780345442123
9780743219570
9780743219617
9780743219631
9780060934347
9780142437230
9780451528902
9780375756993
9780156495400
9780822004158
9780727861153
9780821773680
9780226443225
9780345449603
9781843607403
9781582430157
9780767915748
9780963810946
9780393328622
9780553380163
9780767923224
9780895260475
9780802715524
9780517223123
9780743564410
9780764596865
9780609602195
9780792272663
9780374271077
9780701127664
9788420466552
9780670037568
9788466617352
9780747236047
9780785118954
9783453215283
9782266111577
9782221089569
9780380817931
9780380817924
9780316017442
9780060506049
9780312989484
9780553572940
9780380817160
9780312282998
9781593071714
9780849942983
9780722533949
9780060527990
9780316767729
9780753459645
9780330484770
9780375727276
9780446677127
9781416908166
9780664228910
9780060925758
9780922729487
9780452282179
9780807014295
9780807014264
9780393058635
9780471979982
9780201616224
9780976694021
9780713997279
9780859653237
9780753456101
9780689837142
9781569246818
9780060566104
9780446578844
9780743276122
9780099468233
9780757305450
9780830833290
9780312291563
9780375727405
9780140276336
9781417626281
9780140297782
9783518222638
9780875168166
9780739326749
9780743275064
20049130001
9781579510022
9781400079179
9780739339787
9788495618603
9780195307139
9780747573623
9781932416596
9781932416244
9781573223560
9780753814413
9781573226882
9781573228213
9780141007335
9780670916665
9781596912311
9780738511672
9780826414779
9781401301019
9782226126269
9789774248443
9780142401750
9780060094423
9781568821573
9780007109661
9780060094416
9781594480119
9780061132384
9780679735250
9780451216779
9780609808344
9780439944397
9780590227162
9780140298543
9780312426033
9780375703409
9780312267179
9780393322101
9780060856267
9780786176274
9780307350329
9780060932664
9780143039433
9780764585968
9780582461536
9780060010607
9781400065554
9780747263746
9780142004234
9780753806791
9780553116083
9780448437439
9781412040556
9780316907927
9781843543640
9781843541851
9781843544852
9780684848594
9780743243155
9781842055069
9780679642596
9780312421700
9780689833762
9780330367349
9780142000212
9788423671267
9781929229482
9780061284380
9780753819319
9781932394696
9780440400349
9780142402931
9780142500378
9780060792176
9780141008257
9780618711659
9780060894085
9780879697129
9780345433749
9780786886326
9780689861130
9780743461511
9780689845079
9782743604912
9780689842191
9780822002963
9780099477310
9780520204959
9780743297264
9783462031959
9780684843322
9781565124820
9780099481560
9780099285045
9780743253420
9780099449232
9780684837864
9781561643424
9780694524983
9780552773126
9780345458261
9780345463159
9780345418005
9780345417985
9780345417961
9780684842509
9780684801537
9781570031465
9780873515122
9780141183596
9780140771978
9780060098919
9781572702561
9780764586019
9780140620184
9780312426453
9780446612623
9780446604406
9780446608602
9780446673785
9780312423735
9780751503890
9780451187260
9780449214541
9780312300531
9780974016719
9788496546424
9780307275691
9780006646006
9780195024920
9781589802544
9780521890472
9781553650430
9781550549171
9780195189995
9781568580395
9780809447961
9780345420695
9780684844077
9780345431103
9780806127941
9780143039488
9780142000687
9781883011154
9780141185118
9780141186078
9780802775931
9780802714626
9780516277653
9780964432901
9780060540944
9780373764211
9780670037605
9780874850918
9780140072143
9780679783480
9780330267144
9780670886586
9780099421863
9780735619678
9781578660391
9780671035976
9780671708269
9780671519988
9780465016907
9780465016914
9780091883768
9781591396192
9781892295491
9780192801722
9781592246465
9780743243780
9780007718726
9780140621334
9780486451107
9781904919520
9780141441214
9780140437508
9781400079278
9780451527349
9780374528379
9780140449242
9780679729259
9781596440791
9781593080457
9780764538131
9781580086813
9780399226908
9780859533300
9780395971239
9780618711666
9780452270831
9781932416640
9780375725784
9781400033546
9781400095568
9781932416138
9780439635776
9780809166589
9780142001431
9780553804768
9781416516934
9780812977363
9780385333849
9780791071687
9780743422000
9780385333900
9780425134061
9780312353766
9780827230286
9780826415745
9782070417940
9780674023857
9780786918140
9780670886951
9788466313599
9781400076192
9780689874093
9780330332651
9780451208705
9780451211477
9780375760945
9789580493518
9780451219596
9781405052719
9780451207524
9781421508658
9781421504339
9782723439800
9781556432460
9781400043460
9780385663557
9780451210852
9780307264602
9780435124090
9780316769174
9780812034073
9780316769020
9780316766944
9780060595180
9780060929879
9780060085490
9780060570583
9780824522520
9780892817580
9781564781314
9781566630184
9780141183787
9780307275554
9780826453273
9780743253970
9780385333139
9780375703065
9780425169698
9780375500725
9780140286274
9780446678452
9780446672214
9780822550006
9780345439109
9780743466523
9780380794874
9780345443281
9780671774677
9780375705045
9780385265706
9780345435163
9780316601955
9780440235590
9780375702709
9780452280397
9780590956185
9780671021009
9780452282827
9780385720106
9780060194918
9780590956161
9780743272933
9781400030651
9780590956178
9780316284950
9780743262170
9780060740450
9780452260115
9781417735983
9780452282193
9780060930530
9789022530078
9780061136900
9780684848235
9780375757280
9781883011932
9780684847559
9781417911837
9780007144358
9780394759845
9780486414232
9780375751516
9780140430899
9781590528600
9780142000700
9781883011017
9780142000694
9780911903966
9781888472400
9781592241330
9781888472424
9780767916226
9780802417589
9780307989130
9780763631208
9781580495790
9780393051582
9780762408481
9780375759147
9780140439052
9780684865379
9780321107213
9780385517232
9780385339681
9780440234746
9780385339605
9780385339100
9780385339094
9780385339599
9780385339674
9780385339650
9780099481683
9780582418271
9780385339087
9780385337939
9780739342770
9780385335973
9780141009827
9780439071710
9780142406199
9780786937424
9780747411871
9780763628109
9780978655563
9780441013722
9780671876098
9780688093389
9780452011465
9783404134113
9780385516488
9780743536967
9780965772419
9780517219027
9780451092311
9780340770535
9780141187426
9780618101368
9780195300925
9780553375930
9780385729369
9780375823022
9780452284234
9780151010264
9780451516756
9781421808321
9780060776091
9780060535261
9780060898526
9780060850524
9781594201042
9780375413315
9780385264730
9780385499095
9780385423335
9780385264761
9780385423359
9780385499224
9780140369267
9780671662349
9780822217183
9780380732548
9780822011088
9780446528054
9780156004800
9780822001461
9780820320977
9781579547691
9780393316049
9780201500646
9780393320923
9780738206363
9780691024172
9780785990239
9780393061437
9780865475878
9780446609401
9780807847237
9780393058260
9780521290609
9780521286916
9780674268586
9781880393338
9780393324297
9781903252048
9780143039099
9780679436348
9780460876018
9780226876801
9780961180027
9780300106640
9780142000274
9780099922803
9780553381009
9781570754364
9780140446425
9781400032921
9780375719011
9780375719004
9780007162994
9780586087992
9780425170342
9780385471473
9780452271685
9780295979847
9780385337816
9780743267748
9780553587159
9780142003343
9780060958336
9780262660730
9780393327342
9780596006792
9780201061963
9780061094224
9780312315320
9780142437889
9789500425995
9780141439839
9781593080716
9780140620856
9781401207922
9782020418775
9781416500520
9781416516996
9780671010058
9780099532514
9780820328072
9780141187587
9781840238433
9780060838720
9780826414533
9781894925020
9781590596241
9780330487146
9780375708343
9780375707278
9780375707285
9780140188264
9781403904560
9780806132297
9780756403454
9780670869299
9780552997775
9781423101680
9781423100614
9781423100201
9781423100195
9781423100188
9780141439617
9780486440965
9781551116440
9781593082802
9780007136582
9780393060416
9780618260300
9780007137275
9780618009343
9781594130052
9780261103283
9780486402185
9780872864283
9780143039969
9781400001446
9780786881482
9780375724374
9780312287443
9780720608724
9781888297010
9780312940683
9781400033850
9780786811052
9780684850276
9780764202537
9780142302095
9781416903277
9781590171240
9780140442724
9789573321743
9789573318316
9780932440556
9780060970611
9780394832203
9781880823194
9781931541749
9781593080112
9780684813219
9780226142814
9780749919443
9780679772699
9780701176082
9780679721970
9780140152128
9780679643364
9780142437186
9782253008484
9780375757853
9780140620139
9780192100283
9780195119206
9781400033416
9780743261951
9780824519865
9781593109158
9780736903707
9781929241637
9780874778717
9780802141903
9780375407932
9780743418263
9780140296617
9780684826806
9780684826356
9780349100470
9780140188929
9780312423674
9780140620122
9780143036371
9780140283358
9780691070896
9780140265668
9780142002001
9780140275650
9780141181288
9780143039167
9780679752738
9780141182353
9780141180410
9780394752938
9781586420505
9781586420215
9780141180205
9780679755548
9780679755524
9780099273844
9780099273868
9780099474548
9780679776819
9780811201322
9780449001967
9780307265432
9780415253895
9780786940752
9781566917667
9780064410342
9780872863101
9780425183311
9781421500492
9780061137457
9781933615097
9780142403884
9780140311259
9780142404201
9780307264909
9780670036653
9780142302279
9781400078776
9780676977110
9781415916292
9780967967578
9780226071367
9781589880085
9781589880191
9780941051699
9781589880290
9780061134234
9780060595364
9780385504218
9780451206701
9781401903091
9780060598808
9780312306342
9780312966973
9780312980146
9780312983864
9780060584030
9780316919890
9780140436587
9781587172489
9780425132647
9781596980204
9781400032532
9781557091031
9780978605261
9780192836014
9780192831873
9780375760600
9781573229623
9780571202119
9780312010447
9780399153938
9780399153624
9780425210277
9780425204207
9780743477154
9780765191120
9780425204696
9780425201442
9780143058328
9780425213384
9780060791216
9780425214763
9780743255813
9780345487018
9780345467324
9780743470797
9783865211392
9780142437292
9780449006535
9780345490643
9780553560275
9780449002414
9780553284119
9780449227947
9780440182931
9780446610223
9780505521798
9780307345974
9780802138255
9780786887071
9780786893966
9781402718618
9780671631987
9781401302429
9781416510871
9780143037231
9780062510266
9781586857721
9780452284487
9780006281146
9780451208637
9780679433132
9781414309354
9780141009056
9780786932726
9780883682791
9780141311401
9780142302453
9780141311296
9780375814235
9781593074968
9780141311425
9780882896458
9780375814242
9780375814259
9780140055771
9780375822070
9780140568196
9781577314806
9781587671562
9780743440172
9780316925280
9780316010764
9780316156110
9780349111889
9781580402514
9780071428484
9780764119729
9780684857084
9780340822784
9780385336956
9780345476630
9780452276963
9780764134289
9780375724503
9780748702558
9780743484183
9780451212924
9780312966096
9780060598877
9780060598822
9780743216395
9780312976279
9780385494243
9781400016082
9780385497527
9780099481249
9780385494328
9780679749844
9780373836932
9788497935883
9780307275639
9780785930730
9780974412184
9781890208288
9780472080526
9780761316435
9780060898717
9781580087940
9781401911836
9780552995870
9780739334195
9780785731238
9780679736882
9780141439587
9780425212592
9780805242164
9780425205037
9780143036692
9780061144905
9780061144899
9781594710643
9780393062687
9780743482714
9780552152181
9780312148232
9780007177844
9781411400429
9780764587252
9780451526960
9781932219241
9780198321507
9780198320210
9780439405621
9780439405607
9781400075706
9781400031368
9781419311741
9780375422188
9780394735306
9781595820631
9784770027726
9780375422720
9780375422713
9783485009027
9783485009607
9780375422737
9781400034772
9780375758232
9781557130662
9780345441300
9780517146545
9780839731948
9780345323880
9780590997300
9780316491976
9780252062292
9781842122914
9780618056811
9782070766031
9780618056835
9780618056828
9780786838943
9780192835093
9780872201934
9780140449266
9780743487559
9780375760303
9780553212167
9780451530066
9780465014873
9780805060164
9780764586552
9780915144990
9780143058144
9780393096330
9780761929949
9780385264587
9780140448924
9780192836380
9780140449778
9780812969634
9780060586379
9780312997113
9780767902809
9780785263708
9780143036401
9780232521023
9781594710872
9780727891624
9780060786502
9780571201754
9780060539092
9780312319731
9780345478252
9781590525937
9781585361618
9781569714881
9780878937202
9781559636629
9781405122498
9780964991507
9780062516374
9780743222631
9780785812142
9780618512652
9780618391110
9780618057023
9780345345066
9781887726092
9780261102637
9780618391103
9780664226107
9780261102200
9780618574810
9781587680267
9780345375216
9780007105045
9780618260225
9780345215505
9781402516276
9780679643418
9780140364545
9780156031448
9781930051157
9780471468851
9780671624972
9780785113799
9780373194865
9780263181494
9780300062908
9780879757458
9780520240582
9780805077810
9780312426217
9780802140180
9780007204441
9780965079921
9780743247542
9781416916321
9780743456814
9780375502262
9780375704536
9780099458265
9780375705243
9780446611084
9780349107868
9783442755004
9780553587241
9780446612548
9780778322948
9780316969680
9781416516316
9781560066231
9780393061239
9780393315707
9780812969009
9780375760921
9780375760914
9780812969016
9781400065011
9783404149476
9780425099995
9781594972072
9781897299029
9780375422959
9781896597669
9780224072656
9780143039426
9781842430248
9780571169207
9780767901574
9781400064700
645241001173
9780609804247
9780849911880
9781557832450
9781573226325
9780142437346
9780393926798
9789626343661
9780451530158
9780440419174
9781570421129
9780061120091
9781857152234
9780812971064
9780679727293
9780739322062
9780439269681
9780007178483
9780060786809
9780452284241
9780394862545
9780140283334
9780141184289
9781593082680
9788445074879
9780060872984
9780517084793
9780451210630
9780517101353
9780060509057
9780606298230
9780060541811
9780060541835
9780060891565
9780739340332
9780307348135
9780060092573
9780345354648
9780345409706
9780192839190
9780131538412
9780060915438
9780743284790
9780393977530
9780451530097
9780394604800
9780486282220
9780140437942
9781400047956
9781400052998
9780393967975
9781593080297
9780486290300
9780231118958
9780141439495
9780192805348
9781400102723
9780794503291
9781402726620
9781844560349
9780060838744
9780007204496
9780446698221
9780446313933
9780684873169
9780822013549
9780143038092
9780679882817
9780394800912
9780394800769
9780394800837
9780679891116
9780679800033
9780394844848
9780007175222
9780679889106
9780007158515
9781930332355
9780807218730
9780679867128
9781565847040
9780375834967
9780865164710
9780007169979
9780062516596
9780141185262
9780691089577
9781883011192
9780747553465
9781400078431
9780940322783
9780679745396
9788520918869
9780740720123
9780740721946
9780140620627
9780142000083
9780679783275
9780810119116
9780385492164
9781844670222
9781859843826
9781931859356
9780743265690
9780752864327
9780140307375
9780064405447
9780064405454
9780064400992
9780971316829
9780873512695
9780064405461
9780064405478
9780690134490
9780064408585
9780064400961
9781416916178
9780440400356
9780929093093
9780385732956
9780020419709
9780688320140
9780765316110
9780765309044
9780765347985
9780765341174
9780765341297
9780898794168
9780312876067
9780061093999
9780765341280
9780812550757
9780812524260
9780812532616
9781593974800
9780345482402
9780399245497
9780399242083
9780142501528
9780142501092
9781862301382
9780142501184
9780142401422
9780142402481
9780142401989
9780843174205
9780843121100
9780843178388
9780843121315
9780843175042
9781405211994
9780843124927
9780679801245
9780679801153
9780679801252
9780679801269
9782010189142
9780385074575
9780689707490
9780689305641
9781595191359
9780060753108
9780142302330
9780441012398
9780515138818
9780441005833
9780698119604
9780152000172
9780451528827
9781419326967
9780553560688
9780448400631
9780679729976
9780141185873
9780156027755
9781883011185
9780691024714
9780811216746
9780679727224
9780312353261
9780312354602
9780972167482
9780743471220
9780060278427
9781400307845
9781400307852
9780060724917
9780060885526
9780064400817
9780064461962
9781400307869
9781400082797
9780226505367
9780810117495
9780064407144
9780380016365
9780064433730
9780060565091
9780064406925
9780064434973
9780064409902
9780385325332
9781558491229
9780060565084
9780060885380
9780060885434
9780064420815
9780064462044
9780064434874
9780060885427
9780064434942
9780064434980
9780060885458
9780064460903
9780060885397
9780064401586
9780060885373
9780789422132
9780756616342
9780786864027
9789707705739
9780789458209
9780783548814
9780375875267
9780060598976
9781581345261
9780922729364
9780385410786
9781857151374
9780099744214
9780807011010
9780195181302
9781557091840
9780448431451
9780345427052
9780399154003
9780425194980
9780425201916
9780425194973
9780425210765
9780425206959
9780425199381
9780425196731
9780425208854
9780515123463
9780425199930
9780425199169
9780425208465
9780425197455
9780425199831
9780425196748
9780425194997
9780449221396
9780515125603
9780425202883
9780425207185
9780425197059
9780425198001
9780718132385
9780425203545
9780449213308
9780449220498
9780399143069
9780515125511
9780399244919
9781861979339
9780778801467
9780393325171
9780393325539
9780786177837
9780060584085
9780415936842
9781582432908
9780385337632
9780312861872
9780786712342
9780142002728
9788497643658
9780553383539
9780684845777
9780721601946
9780553379334
9781842430354
9780345418906
9780330491235
9780739332078
9782290053652
9780330491198
9780517599242
9782864603498
9780385517218
9781594865671
9780140260892
9780375708763
9780375708732
9780375758737
9780965193771
9780684852560
9780373692286
9780312936914
9780571178568
9781844080083
9780688172374
9781844082520
9782226135513
9780582435674
9780091881801
9780307264558
9780345487421
9780789488770
9780060245603
9780789479310
9780807588970
9780786818723
9780061131523
9780439401876
9788439710097
9780486428406
9780486437453
9780486280233
9780393315080
9780141182605
9780140274097
9783453164130
9780413735904
9780786706310
9780393316025
9780099468646
9780552771238
9780552771832
9780805079135
9782070513284
9780743477109
9780812035711
9780446606981
9780446614894
9780446614726
9780764586026
9780446608282
9780060088743
9780448439044
9780517209486
9780060086213
9781569716687
9780060086206
9780345251671
9780345251220
9781840233803
9780891901631
9780307346605
9780375759239
9780805076233
9780688085872
9780517052259
9780486215310
9780439574273
9780451528018
9789626343340
9780763630645
9781596792500
9781401301958
9781401301941
9780316016650
9780439286060
9780142002261
9780316905749
9781577780724
9780316000956
9780446695602
9781560258018
9780226063126
9781577782087
9780823016624
9780976249870
9781588993007
9781583227206
9780767916035
9780806527284
9780316779234
9781592289448
9780451196712
9781586216887
9781879373563
9780553813531
9780385602730
9780394705125
9781886363069
9780226348186
9780312182625
9781415929018
9781400046843
9780380794775
9780975323113
9780792273639
9781584281405
9780749934422
9781584281344
9782266082655
9781842161906
9780393955682
9780393927542
9780192807298
9780231121255
9780486218434
9780743264075
9780486296388
9780688152024
9780789460974
9780448435367
9780448437699
9781841482644
9780448442518
9780385033985
9780764525681
9780803729780
9780415942577
9780448440132
9780811856980
9780500203521
9780813013954
9780970016409
9780970016416
9780590428880
9780811201087
9780440235163
9789500717632
9780060086244
9780060731304
9780099489986
9780060090388
9780060090371
9780060787035
9781902602325
9781421504612
9781421501758
9780552995887
9781400043187
9781932206104
9781932206081
9780743285025
9780743285018
9780743211994
9780895260901
9780345425928
9780812930344
9780743270687
9780345479723
9780525948926
9780452286368
9780451171924
9780394415765
9781842430347
9780449910283
9780874776317
9780393326901
9780440241416
9780440241911
9780440241812
9780440241898
9780385338707
9780552998871
9781573223201
9780252019814
9780811839747
9780375757990
9780691019628
9780486406664
9780679428954
9780198245971
9780691120522
9780253209108
9780872203495
9781559343565
9780439474290
9780807555385
9780375752193
9780687002825
9781595542328
9780451200266
9780393308556
9780768423488
9780802829665
9780671737696
9780060957261
9780349113005
9780345464019
9788408067016
9780156032292
9780141013800
9780618134304
9780375714573
9780375714665
9780375424151
9780375714672
9780753820254
9780786837878
9780765342409
9780812565959
9780345453860
9780812513738
9781595550446
9780373802548
9780062507549
9780099283577
9780060622138
9780515135961
9780099448754
9780099448471
9780060851897
9781842430224
9781842430361
9780553107753
9783499156717
9783499154294
9783499224423
9780385333474
9780385333818
9780385334143
9780385333870
9780099267546
9780385334235
9780743410588
9780385334266
9780060263195
9780517124369
9780060544881
9780061131547
9780553286373
9780380977260
9780060859626
9781877741098
9780553112443
9780743474764
9780060545840
9780060777333
9780375415036
9780143036357
9780156421171
9780141183725
9780156701761
9780679420255
9781585425006
9781585425242
9781585424993
9781585425495
9781585425549
9780393324358
9780440201045
9781559362153
9780374528669
9781400034680
9789500703208
9780826414755
9780571224388
9780385468862
9780765344953
9780812532579
9780307237699
9780679746324
9780976072676
9780060826581
9780007176151
9780446608473
9780486424583
9780099474128
9780553381412
9780767902526
9780307279460
9780736411035
9780571219353
9781932806496
9780330261562
9780156260558
9780156659758
9781400042821
9780771065262
9780375759314
9780525477624
9780385333764
9780060837167
9780375700989
9781400102952
9781400044610
9780316159418
9780807831090
9780393061222
9780812972351
9788426415165
9780851703008
9780312254995
9780099592419
9788497598361
9780140189353
9780812969993
9780140274110
9780413772428
9780099440833
9780060926960
9780060976101
9780679781486
9780375703843
9780679781493
9780375837890
9780375507908
9781581821369
9780812975932
9780141185934
9780679745570
9780962088117
9780792274575
9780385280792
9781594201080
9780099468387
9780099429791
9780879074494
9783518373903
9780805232110
9783442730506
9780375726521
9780375726538
9780231082815
9780375726545
9780965913225
9781582346434
9780156421355
9783804417830
9783458340447
9781400076321
9780415278485
9780679738954
9783492207003
9780385481960
9780449911419
9780571145454
9780553384154
9780440229209
9781594481932
9781855496958
9780385311298
9780712664561
9780946487509
9780886778446
9780439194044
9780886779061
9781860645884
9780618254118
9780312352189
9780345407863
9780060837334
9780312194390
9780140714753
9780330353823
9780316367950
9780312337070
9783499222504
9781593080341
9781593080402
9780312425944
9780449908976
9781894917124
9781565117723
9780822216315
9780312306182
9788644101277
9780156002165
9780571191635
9780156011464
9780691013800
9780393323856
9780142437209
9780517333419
9780312263102
9780312049997
9780312252816
9780312263089
9780312151256
9780312265816
9780520243262
9780520229136
9780812973013
9781570625190
9780977795306
9782884490474
9780802839725
9780520213685
9780195309683
9780062508119
9780800637149
9781400054770
9780743262729
9780312426026
9780713996876
9781584795421
9780060885731
9780061131622
9781846162664
9780316525657
9780976882305
9780030547744
9780440415800
9780307383419
9780426203650
9780426203681
9780426203674
9781416947400
9780439698399
9781558322455
9781575420776
9781561583768
9781862073296
9781843534099
9780300111149
9780385732338
9780312971397
9780143037149
9780449200162
9780440424949
9780440412243
9781573225052
9781556434303
9780140250329
9781598870541
9780452280687
9780151731565
9788497592581
9780764543401
9780156030434
9780847826469
9780156029063
9780156913218
9780156001250
9780253202178
9780300093049
9780753817988
9780253203182
9783829601863
9781590302255
9781580624596
9781402561016
9780552998086
9780380713813
9780141182803
9780439774390
9781854790477
9781593081485
9781596009707
9781577658030
9781853260407
9780743289412
9780881507195
9780385732918
9780553381696
9780843955842
9780743555616
9781416524359
9780671874759
9781416524342
9788497597722
9780739317365
9780743525855
9780743537001
9780836254273
9781587671166
9780553471830
9780307348241
9780451190758
9780836269147
9780345470638
9781580631600
9780451170118
9780450417399
9780452277755
9780743233590
9780671039721
9780451185976
9782253147695
9780553562835
9780679776314
9780060005696
9780393060911
9780679768098
9780393323528
9780679751236
9780851115191
9780679431480
9780375758256
9781841155043
9780553483321
9780803725744
9780786868995
9780385602051
9788573027105
9781593081928
9780436205491
9780684841250
9780684868196
9780743239806
9780684839745
9780684841212
9781879794061
9780375701962
9780060745905
9780061351396
9780465003129
9780752842691
9781560764984
9781582346175
9780684854274
9780684854281
9781415930687
9780099460954
9780684844640
9780393318791
9781841957951
9780684839059
9780393318357
9780306808906
9780345460806
9780743564373
9780684174693
9780140139396
9780140159943
9780143039792
9780140154412
9780375759321
9780140247961
9780060757083
9781892145024
9780061228742
9780140364491
9780802135582
9780618537259
9781585421770
9780375756603
9780786888016
9780786891078
9780684873176
9780743250443
9781555916220
9780345377968
9780743264730
9780684837710
9780743286978
9780385496094
9780007189953
9780743499262
9781401301880
9780821726846
9780060744878
9780140230277
9780743496711
9780743422444
9780425185506
9780743431019
9780743418713
9780061150142
9780743454537
9780802142849
9781556591402
9781401303273
9780099486831
9780060845988
9780399512469
9780060739683
9780440242949
9780385340397
9781569715147
9780440221661
9780373638499
9780385302319
9781844164110
9780373638529
9780373638178
9780373638161
9780375504525
9781931082891
9780679732266
9780940450851
9780679424789
9780394701493
9780394701844
9780385335997
9780385335980
9780385324137
9780770429454
9780099911708
9780345419088
9780440506812
9780861711765
9780805065374
9780312985349
9789684581142
9780517618875
9780192839992
9780571217359
9780141441146
9780393975420
9780679886181
9780452287983
9780140437287
9788420469430
9780156029582
9780156029810
9780156029049
9780156260268
9780156400572
9780804001489
9780156260275
9780140139402
9781586853334
9780786715794
9780750244916
9782070536283
9788433920867
9783499158476
9780767915304
9780143037392
9780375708213
9780380818952
9780712677165
9780517539491
9780393099416
9780694524754
9780060765453
9780060652920
9780684823782
9780060652890
9780800783365
9780312263232
9780842331913
9780805210538
9780674854291
9780809037728
9780805210194
9780809023097
9780805210286
9780936077499
9780936077093
9780505522740
9781578569502
9780452280670
9780452287075
9780764586620
9780451137098
9780451143426
9780141186160
9780140264920
9780141186177
9780140024760
9780140031768
9780006496878
9780006496892
9780006496908
9780006496922
9780140020038
9780517170779
9780751533934
9780751533118
9780553563504
9780312980160
9780446362665
9782268041049
9780446359207
9780553572988
9780446364751
9780451025012
9780099455448
9780375704024
9780375718946
9780007175192
9780020421900
9781416905271
9780689840333
9780394239101
9780394757643
9780811215800
9780307114631
9780140014457
9781400078479
9780307264886
9781400033423
9780452287068
9780292760288
9780679411673
9781400076215
9780452283862
9781400033430
9780452263499
9780099760016
9782264026217
9781400033447
9781566915908
9780345476098
9780451216588
9780486431673
9781593080365
9780375753145
9781931082082
9782859405465
9783442726325
9780766144736
9780451526915
9780965020459
9781418503468
9780898401875
9780785264699
9780842387460
9780842387453
9781414307640
9780310247562
9780842382892
9780446579629
9780842386883
9780842356220
9780842387446
9780842386876
9780679722311
9780375703805
9780679748649
9780679723691
9780679760238
9780747574651
9780802136688
9780679745136
9780312243357
9780312361754
9780679781172
9780375704253
9780394577296
9780671727796
9781576839508
9780140189445
9781400095414
9780449001158
9780449001134
9781400031047
9782207254417
9782266106344
9782207240380
9782268043180
9782226074744
9783442353927
9780761104841
9780380789177
9780671624132
9780671739447
9780671743079
9780671769925
9780671731427
9780671769918
9780671743055
9780671737764
9780671741037
9780425181607
9781587671401
9780451933027
9782226131904
9780965796934
9780582418172
9780452253803
9780340820469
9780450040184
9789506440824
9780450524684
9780471782476
9780671042851
9780743525879
9780453005074
9780609810880
9789998691568
9788401321689
9780674018297
9780674530805
9780674018242
9780385487184
9780385720250
9780060732608
9780375704468
9780306812996
9780385493918
9780750934220
9780807611685
9780618735167
9780099771814
9780375707216
9780679772590
9780679749042
9780679444596
9780307264657
9780345464569
9780449911631
9780878057009
9780449911945
9780030420566
9780060845308
9780060927547
9780060928698
9780060975944
9780007195305
9780375724428
9781400033881
9781400078653
9780571164660
9789707707764
9781929001156
9788466368872
9780811211734
9780802150424
9780674821064
9780811208994
9780156003650
9780413715005
9780676503180
9780395859971
9781400041268
9780099282198
9780312424091
9780060557560
9780060795283
9780140283303
9782868698223
9780743273060
9780743203968
9780552992091
9780552120401
9783257211948
9788472238664
9780061125645
9780345484406
9780452280199
9780812976557
9780060816223
9780060735258
9780452275003
9780099582014
9780143036395
9780521010504
9780060521226
9780689863622
9781583377826
9780333666388
9781889032207
9780099285564
9780099285557
9780679643524
9780881927696
9780224014014
9780060528874
9781400033614
9780099471424
9780140189384
9780143039570
9780142437834
9781598530025
9780553588187
9780553588194
9780452286030
9780553587081
9780553587067
9780553587074
9780452285934
9783518376782
9781892391360
9780451457639
9780345289674
9780451452887
9781885972101
9782070361878
9780312852535
9780765344977
9782070394821
9781400042555
9780679733843
9780679720225
9780691120041
9780679764014
9780380731817
9781883011499
9780140237511
9781597800440
9780553575378
9780743421928
9780743411967
9783453196797
9780948877483
9780316640169
9780143039037
9780801881855
9780192837622
9780312264895
9780140021547
9780061137365
9781931082198
9780061137037
9780872860025
9781931082204
9780060834821
9780061139635
9780373760039
9780140030341
9780764200922
9780060853976
9781594970986
9780631231271
9780060936648
9780415254083
9780024288103
9780631169406
9780674954014
9780140159950
9781566631327
9780061312113
9780300093056
9780295976914
9782707301482
9781840025958
9780802130792
9780802151100
9781599150147
9780140189223
9780486284590
9781590171158
9780941419741
9780802141941
9780413575609
9780373247950
9780689851322
9780307274977
9780553346114
9780805069853
9780743277709
9780060935450
9780517289365
9780618445578
9780618339242
9780521402408
9780374529260
9780060593247
9780141185606
9780679725220
9780679726098
9780140150339
9781551111728
9780192801739
9780525467342
9780805069860
9781400040667
9780486275505
9781883011062
9780805063417
9780679763963
9780822210894
9780811216029
9780674842113
9781586634490
9780822005339
9780141439501
9781591136446
9780786809936
9780865475243
9780226469447
9780143059288
9780856686276
9780786809318
9780811212694
9780140437911
9780887380051
9780375400704
9780892969593
9780060974367
9780930330019
9780312295431
9780142437261
9780679783381
9780743487566
9781587263835
9780743264693
9780764587245
9780486285153
9780804741712
9780679783398
9780140449235
9780521599634
9780439635813
9780375760815
9782864240150
9780140280463
9783492230025
9782266104463
9780743243803
9780099276494
9780099437529
9781582343891
9780679454687
9780847826698
9780375707254
9780679726227
9780758207302
9780811216548
9780143036593
9780295981468
9780393979169
9780385721004
9780345476326
9780684837932
9780811201353
9780940322714
9780440204930
9780345494023
9780670800339
9780517391730
9780060930059
9780743297318
9780684867854
9780413712004
9780940450493
9780940450486
9780394536491
9780312265052
9780375700811
9781560258247
9780452272798
9780141182575
9780515124798
9781933372198
9780099766810
9780758214096
9780307278364
9780375706677
9780312311339
9780679642428
9781592574711
9780679772644
9780140127225
9780872863804
9780060920647
9780072434170
9780060915186
9780375703478
9780061239533
9781594481574
9781582430546
9781400079094
9780141007458
9780812967944
9781841591056
9780345457370
9780143038108
9780689806162
9780552998017
9780785282099
9780143039860
9780395500767
9780395706749
9780395547038
9780312277109
9780156189217
9781883011543
9780878055296
9780679642701
9780061124198
9780679728825
9780679730040
9780156360906
9780674639270
9780374525644
9780805076882
9781595581341
9781583225363
9781583225653
9781904859208
9781852421175
9780521674935
9781594513121
9781878825018
9780805079678
9780742529786
9780262530071
9780415926324
9780060578121
9780192822758
9780060578114
9780143037491
9780061059476
9780375760389
9780375760372
9780812970432
9780812969825
9780449207338
9780449452691
9780609810903
9789685957007
9780743437493
9780743536998
9781417618255
9780061238222
9780739461198
9780451529251
9780333581292
9780141185538
9780553572827
9780143038191
9780440979753
9780679642480
9781860491818
9780375756863
9780142437964
9781593083779
9781414243672
9780373289806
9780786711642
9780553566406
9780140118902
9780143036937
9781933618081
9780595377107
9780226424156
9780679455134
9780434010530
9780140158762
9780142180099
9780744586466
9780822008934
9780374521400
9781841157498
9780007153589
9780312420147
9780671732479
9780060929602
9780671732462
9780743412803
9780671732486
9780671732523
9780671732509
9781855384279
9780345481269
9780375756887
9780375411229
9780375702242
9780060726461
9781593080587
9781567180701
9781844080380
9780805242096
9780425209615
9780143104902
9780099307914
9783446176935
9780385240871
9780822002109
9780706432084
9780822001102
9780670038039
9780679729525
9780140449327
9780872207318
9780674995864
9780486434124
9780192834409
9780385732536
9780618685509
9780440402916
9780440415244
9780385732567
9780440414001
9780743482769
9780198320548
9781903436592
9780743484954
9780393959048
9780141439907
9780553210590
9780312406912
9780521618724
9780451526816
9780198320562
9781932219258
9780521532501
9780156031196
9780679743347
9780812036046
9780743484961
9780141014708
9780345477521
9780375725180
9781904271550
9780684852706
9780679736530
9780743477550
9781932219265
9780743482820
9780198320272
9781932219166
9780521535137
9781586638474
9780822000235
9781904271352
9780517223628
9780439291491
9780140153170
9780140153194
9780140153224
9780613572743
9780684846941
9780300091410
9780307262998
9780446677165
9780446695695
9780446695640
9780446695718
9780446695688
9780375821820
9780446695664
9780449001240
9780446695671
9780446611930
9780375410468
9780446615129
9780440421702
9780865476066
9780884196488
9780446912068
9780446674577
9781594831959
9780553503708
9780688052300
9780306809323
9780739474792
9780815411833
9780316159791
9780316013932
9780316014793
9780316117364
9780316014502
9780446696630
9780446696616
9780446600477
9780316155595
9780446692656
9780446606387
9780446692649
9780446608817
9780747266990
9780446692632
9780446609326
9780446613378
9780446677387
9780446600453
9780446613354
9780446617796
9780446696647
9780755300204
9781568654232
9780316693356
9780446676434
9780316000611
9780064435260
9780671009441
9780747526032
9781563899652
9780440238195
9780312937690
9781400066100
9780679643258
9780553380170
9780375505966
9781556702884
9788497644747
9780300091694
9780810935204
9780806510750
9780312978334
9780698116412
9780312421991
9780786942701
9780140446364
9780674678569
9780802441416
9780714831671
9780300114409
9780306807251
9780810915879
9780500282755
9780132221863
9780674995642
9780140442090
9780460876742
9780674995345
9780060575816
9780812216509
9780761555520
9780446691093
9780373771370
9780394700137
9781582433226
9781897082270
9780394571072
9780968303177
9780968303184
9780670044368
9780425212783
9780425204221
9780425201688
9780575402904
9780674035010
9780024266408
9780521274555
9780192840943
9780415050791
9780192824547
9780751504385
9780385129916
9780670691999
9780307376589
9785550707005
9780743233606
9780671032647
9780618195633
9780743222334
9780440508823
9780142001349
9780515094794
9780060916091
9780965013017
9780312354374
9780800638184
9781421506555
9781421506531
9781421506548
9781421510781
9782290318041
9781421510798
9782290328309
9782290318492
9780671455774
9780976401100
9780739308707
9781592220045
9780312869595
9781565841000
9781565840089
9783856305581
9780312421687
9780060747220
9780143036661
9780385483735
9782290061244
9782290329450
9782290328057
9782290328026
9782290318232
9782290319369
9782290328316
9782290320105
9782290328293
9782290328224
9781421505398
9781421505404
9781421505411
9780152052089
9781591165835
9784592175438
9780345485281
9780345471833
9780345470577
9780345484307
9780345484284
9780345477934
9780345477910
9780345484291
9780345485328
9784063633382
9784063633931
9784063633221
9784063634167
9784063634525
9781421506418
9781421506425
9781591162223
9781421510668
9781421510675
9784088732893
9784088735047
9784088728735
9784088732152
9784088731445
9784088731698
9784088732329
9784088728490
9784088730226
9784088734323
9784088731100
9781421506296
9781421501680
9781421503318
9781421506265
9781421501703
9781421501697
9781421506272
9781421506289
9781421506302
9781421511559
9780486447407
9780345272201
9780345272218
9780201835953
9781593075422
9781593076122
9781593076399
9781588990846
9781588990853
9782723441780
9782723442312
9782723442305
9780152056780
9780152051242
9781570623950
9781590300060
9780061054884
9780517480106
9780689845338
9780441012244
9780441011254
9780441011247
9780439551922
9781416509639
9780689845369
9780439551892
9780531068519
9781416509646
9781857442021
9781888690088
9780140449099
9781413902624
9781413902617
9781413902570
9781413902587
9781421506142
9781421506111
9781421500812
9781421510422
9781421510415
9781421510439
9781421510446
9781598169461
9780425058503
9781598165760
9781598165777
9780316013260
9780316109697
9780679761068
9780060747459
9780451218377
9781421505565
9781421505572
9781421505589
9781421509976
9781595324382
9781595324399
9781598161984
9781598161991
9784063405149
9781553377528
9780312422240
9781585678839
9780060792787
9780553564945
9780060792800
9780809530953
9780060567231
9781596871328
9780375814686
9780689878558
9780375829635
9781416903376
9781416908173
9780689878565
9781416903437
9780689878572
9780375760396
9781596590939
9780753453346
9781586857028
9780060530839
9780786940738
9780552152969
9780689855924
9780553267600
9780976401155
9780375713347
9780679853954
9780553588118
9780380973996
9780380974733
9780812550283
9780812575583
9781857232097
9780571212927
9780091894603
9780861713455
9788817128711
9780765345905
9780765309969
9780765309983
9780765345011
9780765343260
9780375833649
9780330411844
9780765345912
9780684854670
9780099277132
9780061196683
9780061198755
9780743272070
9780330347761
9780439426282
9781556612008
9780394891057
9780802043290
9780415267472
9781841542768
9780756403911
9780756403416
9780373802661
9780373802456
9780756403638
9781416521075
9780886773786
9780756402723
9780756403256
9780886776619
9780743499095
9780756401535
9780886776121
9780886775162
9780756402570
9780756400613
9780886777128
9780756402211
9780886777203
9780451457592
9780765313195
9780886779160
9781416521105
9780886778040
9780765313188
9780373802395
9780886774004
9780140277821
9780520241824
9780679761051
9781887178945
9780374530495
9784770029751
9781582431055
9780847819270
9780140442823
9781596921535
9780373767557
9780373240272
9780747573647
9780747562115
9780590876124
9780064420808
9780698115675
9781857988093
9780345481290
9780312968304
9781845400651
9783551768612
9780143039655
9780374525866
9788535905328
9781413901474
702727014581
9781413901450
9781931382694
9780872864757
9781401307783
9781591794646
9780143036838
9780553409680
9781421503547
9780763631604
9780736421973
9782742735402
9780140274981
9780061129735
9781569709085
9780262632034
9780679735472
9780816611355
9780316159722
9780448433400
9781600100369
9780752864303
9781598530094
9780806518565
9780679747871
9780806512266
9780806521688
9780440151883
9788478889730
9780140288483
9780618710508
9780618127368
9780618380442
9780891906797
9781843540700
9780060750763
9780143035749
9780312984854
9780312984861
9780060504083
9780060959036
9780385497442
9780140285215
9781860467769
9780375727573
9781400034413
9780375727580
9781400034253
9780099455158
9780099422327
9780307264862
9780679766742
9781400042814
9780375707483
9780679732716
9780375707490
9780679755623
9784770028969
9780747553861
9780385721059
9781400095469
9780140276343
9788478888467
9780809596812
9780743244589
9781932958096
9780826469335
9781400079421
9780340837955
9780385311779
9780140042320
9780140714555
9780440910817
9780446675369
9780307243164
9780439463690
9781400077809
9780786851157
9781416509875
9780743466509
9781416503590
9780787981297
9780873387804
9780439598446
9780306804830
9780812034264
9781405835640
9780156443791
9780571192526
9780743227193
9780375704055
9780446616423
9780446616416
9780312082734
9780446618748
9780679601227
9780060542382
9780060099459
9780060511067
9780606300940
9780060511142
9780060511111
9780240806082
9780253214690
9781592000678
9780375727382
9781589880023
9780974935997
9780060557812
9781401210076
9782290303344
9780316955133
9788432216886
9781873982983
9781790877799
9780060763725
9780064407441
9780142400371
9780486455594
9780553351392
9780385484367
9781560064985
9780802142641
9781901447705
9780811855266
9780802134103
9780940450202
9783125738089
9783462032185
9781559210348
9781559210393
9781559210867
9780553480801
9780553485219
9780553156508
9780553485172
9781569473962
9780812972078
9780393098211
9780874918854
9782940373154
9780140443073
9780679783183
9780192839572
9780345431912
9780142437766
9781587150791
9780486442174
9781587420245
9780192835956
9780553213485
9780192836366
9780826407078
9780761512196
9780300110562
9781400075799
9789571343891
9780744002355
9780618680009
9780743418171
9781416535201
9780743470124
9788420465609
9780449911839
9780441012039
9780842313353
9780618773558
9780425182871
9780764225215
9780060002060
9781879181489
9780451529510
9780756403607
9780575076815
9780099578512
9780446611770
9780743428958
9780330419703
9780786712946
9780743275019
9780743454551
9780743496728
9780340838037
9788408068914
9780143039853
9783404145843
9783822505878
9783492236553
9780061120077
9780140266740
9780141185019
9780803293052
9780140259445
9781414500089
9780708982280
9780679600268
9780521825146
9780965429900
9780192802378
9781587263965
9781572705326
9780393977516
9780451218599
9780156030472
9780151009985
9781568493664
9780156619189
9780156212502
9780156260374
9780156027915
9780141185361
9780156031394
9780156031332
9780156031271
9780316059855
9780425213971
9780345475732
9780141184845
9788408065876
9780393329124
9780553384284
9780553804805
9780786714827
9780880015080
9780520024793
9780071401944
9780399142789
9781571741035
9781571740564
9780471747192
9780767921695
9780300110302
9781573223096
9781578064984
9780679762706
9781582349190
9781841957180
9780802135223
9780679768203
9780375702365
9780802135780
9780156032896
9780679744474
9789042003408
9780747544210
9780747230212
9780883657270
9780385418133
9780806524276
9780394837680
9780714530031
9780060958022
9780061214608
9780060787110
9780380815920
9780060559144
9780552998000
9780385609487
9780385607018
9780140193701
9780810970526
9780563504832
9780307344830
9780375408274
9780446531092
9780446608893
9780330419659
9780743285001
9780618159550
9780007152537
9780743247788
9780743247771
9780345321381
9780893562502
9781414306346
9780747268031
9780141014081
9780394541556
9780553380620
9783423118224
9780756401108
9780618258024
9780879972165
9780879971205
9780618642670
9780618154029
9780618346264
9780007171996
9780007116263
9780425198322
9780425187715
9781843534754
9781843536161
9789570823363
9780874808001
9780618574971
9780425204665
9780312975739
9780738207711
9780553574630
9789570823370
9780684836270
9780563536598
9780618574940
9780007144082
9780451452610
9780618083572
9782266118019
9780563494850
9780965307796
9780316706001
9780316013277
9780316166348
9780316578998
9780571200610
9780618037667
9781841157481
9780765304094
9780765343116
9780812574999
9780812534863
9780812574746
9780727840011
9780380759507
9780812555103
9780441864614
9780345305183
9780812574968
9780812574739
9780812534832
9780380759491
9780812555110
9780812534849
9780812534856
9780517122334
9780441294701
9780441225651
9780441845637
9780441317486
9780552097369
9780345453280
9780441444250
9780441251261
9780812531145
9780385085335
9780385048644
9780380759484
9780380000364
9780312858117
9780345317575
9780345484086
9780345451132
9780345435774
9780345492869
9780345465542
9780345483898
9780743209519
9780345396532
9781857238273
9780345461452
9780345285546
9780345461469
9780300082401
9780802151599
9780300108484
9780976395072
9781932416060
9780679733768
9780064406307
9781587612213
9781905177042
9780385335546
9780763726713
9781932416770
9780810111134
9780226321325
9781416523727
9780060539252
9780060837563
9780940450677
9780451528926
9781854591173
9780374525316
9780345479457
9780195087444
9780253209306
9780451203267
9780060564780
9780375724954
9781892597380
9781590171943
9780747569114
9780425181119
9780393321982
9780689804441
9780307278586
9780141186580
9780394708522
9782070360024
9780819121417
9780394405209
9780394702452
9782070386703
9781840460643
9781569246665
9781411665309
9780141185132
9782070322886
9780785123118
9781895176407
9781741042955
9782246371922
9780573605734
9781594160004
9780553582758
9780970998712
9780345472458
9788466307604
9780451406286
9780747571773
9780312342517
9780747569121
9781557046864
9780747569138
9781557046550
9780312132149
9780060760250
9780316168816
9781405005227
9780788759895
9780345420749
9780552771337
9780743243827
9781932855418
9780792253143
9780679776598
9780805077902
9780143039822
9780131862616
9780060988654
9780425163405
9789685959759
9781569755839
9788478889938
9788478888849
9780972393614
9781582348254
9780439064866
9781599900674
9788423338665
9781573227957
9781573220828
9780613647908
9780375422997
9780375423000
9781400077090
9781400095087
9780375701801
9780312982867
9780446698467
9780446696111
9781561706600
9780553816716
9782266111102
9783453861909
9788496544147
9780446532433
9781841150505
9780452265813
9780156030274
9780060722296
9780880014403
9780061236822
9780060934903
9780452269866
9782253152859
9780151015313
9780812968347
9780140424393
9780192806192
9780393924282
9780743474160
9781400049479
9781841932514
9781425910396
9780312155858
9780142002889
9780449004135
9780375758621
9780375727139
9780749933630
9780701130640
9780743487672
9781931082211
9781842931530
9781593077365
9783453198258
9788497934909
9780226677187
9781585677108
9780226677149
9780226677170
9780226677163
9781400077304
9780143034759
9780802138293
9780345479396
9780802131799
9780802131553
9781400096190
9780060778569
9780060556570
9780609808771
9780618683079
9780060846732
9780743272506
9780743272490
9780743249300
9780743269261
9780743272537
9780006514640
9780743249317
9780006496434
9780743249294
9788496454330
9780807071274
9780060921088
9788489367159
9780385722438
9780192835437
9780440391548
9780385495226
9780552143035
9780520251748
9781584850557
9781584850458
9780618181902
9780316010702
9780684829456
9780060761356
9780060166496
9780385493000
9780385498203
9780465083619
9780713659894
9780316296199
9781594771224
9780521437776
9780425205952
9781579126292
9780312330873
9780002317856
9780006353287
9780425200452
9781579126285
9780007120680
9781572703858
9781572705494
9780312981662
9781579126261
9780006490456
9781579126247
9780007111503
9781579126278
9781572705470
9781572704725
9781579126254
9781572704978
9781579126957
9780573014673
9780002310192
9780425205969
9780646418438
9780312273224
9780007120697
9780312970079
9780563535119
9781579126230
9781579126896
9780007121007
9780743203586
9781585678365
9780743203593
9780140059021
9781585675753
9781585673926
9781585672776
9781585672318
9781585674343
9780140009378
9781585675265
9780140284126
9781572704619
9781585676576
9781585673360
9780563557357
9781572704572
9780007121076
9780399150210
9780553804799
9780553587890
9780553589498
9780553588262
9780553588248
9780425178928
9781573229869
9780345442741
9780345468369
9780449002988
9780804114608
9780345487667
9781406942354
9780007190683
9780375806704
9780812511185
9780812552843
9780671878849
9780812505771
9780812590463
9780812566802
9780812553291
9780061120251
9780060545642
9780060930172
9780553383836
9781416509349
9780553273465
9780441140015
9780743458535
9780395606483
9780801030147
9780141303352
9780060924980
9780061161575
9780140290110
9780143039938
9781853995903
9780674008205
9781580420815
9780471292456
9780870710933
9780803266551
9781595821065
9781595820945
9781595820310
9781595820938
9781595821072
9781595820617
9780451527929
9780872207332
9780872201774
9781585670987
9780140447606
9780226805368
9781550821086
9781570715839
9780312278496
9780812969900
9780451529626
9781595690456
9780575073432
9780380789115
9780441294275
9780441909117
9780441092758
9780517604465
9781400040308
9781840462500
9780804721288
9781599869506
9780441012374
9781416505518
9780441094998
9780312875572
9781416505525
9780340837948
9780395957998
9780060790592
9780786816156
9780007149827
9780091895815
9781400076819
9780156032483
9780385512183
9780156028974
9780375700125
9780671870744
9780738543390
9780743270205
9780553381535
9783404128013
9780553381542
9780440243250
9780517293638
9780345437860
9780345371478
9780060581060
9780345914835
9780345437839
9780060515225
9781933368368
9780380789023
9781852864989
9780061142024
9781593076672
9780375725500
9780060936501
9780385023511
9780872206786
9780415940474
9780192804099
9780816638635
9780816639823
9780816638628
9782010080876
9780020199854
9781860465659
9780375727481
9781400075126
9780679740995
9780684844251
9780688149482
9780375713934
9780375708220
9780700610389
9780811212472
9780393959055
9781883011956
9780140150315
9781558964907
9781420925227
9780691096124
9780873388245
9781593600112
9780727891600
9780843946338
9780727859624
9780843947465
9780395809990
9781405151412
9780312316136
9780631163022
9780415285841
9780449004838
9780312940669
9780312317119
9780887082436
9780786809141
9780394733524
9782013218474
9781416532811
9781855325524
9780785100492
9780785113881
9781401212636
9780785124979
9781401209544
9781563893308
9780785117759
9781563896231
9780785120117
9781563894473
9780785115366
9781595140609
9780345487629
9780821758267
9780670061181
9780141012254
9780060541439
9780553379655
9780671743550
9782879291482
9780192805980
9781903985175
9781406503432
9781419120022
9780330393775
9780321209184
9780321276230
9780321365606
9780425182383
9780789313508
9780743457620
9781400052936
9780061139376
9780375812934
9780285633148
9780306804151
9781400032952
9780130235015
9780394700021
9780822215028
9781883398293
9780860688662
9780374529529
9780691102962
9781883011529
9780385509848
9781583485095
9780385489492
9780743487696
9780060846879
9780307277749
9780393090185
9781593083328
9780312421854
9780679600176
9780393964813
9780739325353
9780822012191
9780451528520
9780812504675
9780679723134
9780141439983
9780399132674
9780399154096
9780439700887
9780345414007
9780441783588
9780441014101
9781568654300
9781890995522
9782207252642
9780786809301
9781419542206
9780744586534
9780743477369
9780786180400
9780800809638
9780393970128
9780743482790
9781586638467
9780892967896
9780142437339
9780375706363
9780743491693
9780743491686
9780743491709
9780521447713
9780486248950
9790007672386
9780465091249
9780465099009
9780738209258
9780738209272
9780738202839
9780805390490
9780786849734
9780393011838
9780786855391
9780786808380
9780786855384
9780786849710
9780786855377
9780807615324
9781581345278
9781581345285
9781595540454
9781416520863
9780671697983
9780451207647
9781416508953
9780375703973
9780975262207
9780061208492
9780060819224
9780786198382
9780345409461
9780553077728
9780593040591
9788484326373
9780521831437
9780393312768
9780099173311
9780786177288
9780465023943
9781591855101
9780130669971
9780486651910
9780132431064
9780130352996
9781416927839
9781402714528
9780486292724
9780340796146
9780340917541
9780330244770
9789812468239
9789812468208
9780785759379
9782831557434
9780590407328
9780316030892
9781562926168
9781555533076
9780060004507
9780813516707
9780736805995
9780590488129
9780064462341
9780393926118
9780139567568
9780786806430
9780743456081
9780805050271
9780415929134
9780688168445
9780807050118
9781565847859
9780816634392
9780812217759
9781594200298
9780029131695
9780160729942
9780380804528
9780440237846
9780385503846
9781841957173
9780385516686
9780385491037
9780571219711
9780451205551
9780743261982
9780375708138
9781400031771
9780805832891
9780060758769
9780451460912
9780805209068
9781419172694
9780684800707
9780099428640
9780805238631
9780805209990
9780805212075
9780375411724
9780812975048
9780142400654
9780060392888
9780671746063
9780553213454
9780393960570
9780679732174
9781563890826
9781844082933
9781600962202
9781593081041
9780553382952
9780961392178
9780961392161
9783548256429
9783548254432
9780739315651
9780397008049
9783548254357
9780141001821
9780515128550
9788466307253
9780312300333
9780486203942
9780099448570
9780099448761
9780307265838
9781400033966
9788484494874
9781411683051
9780533017423
9785040019526
9780156032971
9780743464796
9781593081539
9780814749760
9780765348210
9780809556038
9780441014156
9780441014033
9780765352057
9781884612466
9781884612473
9780451529558
9780486434094
9780140446586
9780679420293
9781843911234
9780140442526
9780460874489
9780140441796
9780486432137
9780140444551
9780571197514
9780802143075
9780571125296
9781568651378
9780571177653
9780802150455
9780802142719
9780451160522
9780811214001
9780811209052
9789500424134
9789500426169
9780140286809
9780802138880
9780439440035
9780618619160
9780006499268
9780786178186
9781595690364
9780385495325
9780786856282
9780152018481
9781589802438
9781400079612
9780140059038
9781585676606
9781572705487
9781585673933
9781572703193
9781585676583
9781406929980
9781585675241
9781585674794
9780743203623
9781406904833
9781585673384
9781841591384
9781585672325
9781426423703
9781585672752
9781841591063
9781406953213
