9781841591308
9780307266613
9780140281705
9781585675746
9780451173317
9781841591162
9781841591018
9781585676163
9781841591155
9781841591070
9780742632592
9780440238140
9780440238157
9780451166586
9780020442608
9780679723165
9780803723184
9780743477116
9780521618700
9780521625623
9780060524395
9780380804689
9780764542800
9781591391678
9781932111972
9780851621814
9780231073370
9780312194406
9780156027595
9780898704525
9780192838742
9783150093351
9780486274287
9780140441734
9780262570213
9780140447200
9783895086908
9780670034697
9781590172186
9780375760648
9780143039990
9780452288195
9780140620160
9780140366815
9780486424538
9780393962925
9781593082062
9780140441376
9780679431374
9780140445503
9780394703374
9780415278416
9780415183734
9780521667920
9780253204783
9781596057739
9780887061998
9780486432540
9780521657297
9780872202573
9780140447477
9780773491670
9781933330105
9780804728843
9781406947199
9781557424297
9781420925289
9780312420925
9780374525804
9781590526873
9780679738862
9780684853765
9780684865522
9780425021873
9780765340214
9780151443666
9780156003902
9780156444453
9780140255256
9780151000883
9780156260329
9780151000890
9780156272506
9780151400034
9780156030304
9780435123437
9781929519002
9783717519645
9781840224535
9781593080693
9780441010288
9780441009657
9780441010240
9788432217203
9788432296321
9780446675536
9780618219063
9780300084290
9780140449105
9781933718002
9780553345391
9780310214694
9780099478935
9780671793562
9780440241355
9781932857085
9780060782139
9780393977868
9781903436486
9780198321460
9780446612043
9780894805950
9780142003268
9780878056262
9780152057664
9780743487580
9780393964585
9780415901475
9780460873918
9781840221084
9780156907392
9780156260367
9780156260404
9780156260381
9780141183534
9780486282084
9780140436334
9780192834454
9780553213607
9780802132758
9780192839923
9781877275517
9780152046828
9780785735489
9780440229124
9780140276138
9780792269847
9780439411370
9781898573456
9780374422080
9780142406519
9780194232203
9780061127915
9780060730550
9780743278829
9780425152904
9780385474443
9781892389381
9781857233940
9780061053566
9780553374599
9780553292244
9782221095522
9780684843124
9780517349175
9780140280555
9781857027129
9780786813858
9780786866588
9780671868611
9780802713520
9780747563006
9780800792985
9780375414572
9781400096718
9780743400008
9780515040968
9780743293037
9780743243315
9780684804484
9780767902359
9780743440745
9780743284288
9781400044160
9780452281431
9780156027717
9781400078417
9781559361408
9780393059953
9780393096231
9780679724773
9780060084387
9780674644847
9780835608305
9780679748144
9780142437285
9780060935559
9780375752339
9780143039228
9780143039310
9781841598970
9780375753114
9780141180366
9780141180311
9780691115696
9781904341277
9780691014524
9780684825892
9780816612284
9780691014227
9781593082505
9785170211579
9780099461883
9781400044559
9780679734581
9781400077274
9780679734482
9781400032204
9780679734499
9780156116800
9780156935807
9780764544576
9780141184272
9780156027786
9780156030410
9780156028066
9780156319522
9780375701368
9780156508872
9781930464063
9780141185323
9780156508841
9780156031639
9780152045739
9780689863110
9780689848827
9780810980631
9780334028963
9781585677283
9780345456328
9780345456311
9780446613323
9780345483867
9780345483874
9780345422552
9781556908682
9780451454249
9780738706122
9780060766740
9780262240512
9780262740159
9780262740258
9780745622088
9780745628974
9780156572040
9780156932509
9781580628365
9780380815937
9780140367058
9780060987527
9780470008294
9781857988192
9780805080759
9780767900317
9780195144819
9781886350854
9780395680926
9780395710418
9780261102422
9781593600259
9780048231536
9781880656419
9780822003908
9780743457910
9780330426947
9780140564303
9780439672320
9780439343909
9780738709123
9781400078127
9780375836671
9780439389501
9780375831003
9780439241878
9783473352340
9780023895302
9780140449495
9780911589030
9780140449129
9780393979176
9781400132744
9780691099507
9780486414249
9781586638221
9780521484008
9781593080235
9780141804514
9781591940487
9789685270885
9780226300689
9780486270579
9780688104641
9781400043194
9780451529695
9780373632442
9781892065148
9781550373967
9781591165996
9780787976385
9780226467719
9780743536950
9788484504795
9780451098276
9781587671098
9780140444414
9780140440065
9780142437223
9780471158479
9780553213393
9780195087451
9780812034110
9780142437544
9780553213447
9780140444438
9780140444421
9780253201621
9780486272665
9780451527400
9781400096220
9780440905608
9780763632069
9780674002050
9780374525118
9780571143726
9780571210916
9780916724948
9780571207985
9783446187498
9788475173467
9781857150940
9780393962932
9780684839790
9780688094553
9780552146784
9780142402498
9780670557110
9780140309591
9780140326093
9781930900240
9780140503449
9780140317206
9781883937669
9788426131928
9780698115910
9780689846731
9780723247708
9780723257042
9780723249863
9780723258735
9780723258056
9780723257639
9780312369347
9780723247791
9781402713187
9780848805012
9780141026282
9780804717113
9780865165465
9780226323985
9780393956535
9781402726002
9780141439648
9780764587276
9780940450363
9780299125400
9780393960587
9780192807267
9780822002833
9780812972016
9780872205468
9780140442571
9781578633227
9780321427137
9780007158058
9780192833761
9781586170264
9780375758119
9780345478849
9780753818817
9781857151923
9780143036241
9780140150605
9780451159410
9780743260220
9780330397810
9780439650373
9780590444774
9780590849029
9780439650366
9780590434119
9780590440615
9780590189828
9780763628284
9780312342340
9781590300732
9780064472777
9780060724504
9780786282821
9780373792733
9780385323284
9780440237679
9780786851966
9780786809967
9780312424688
9780312422325
9780571212187
9780571226337
9780141187563
9780285620643
9780143038412
9781415926697
9780486217611
9780060938109
9780140442274
9780486440118
9780192802590
9780007203949
9782070367702
9783499107610
9780553378498
9780060254926
9789575881047
9780394584041
9780684825007
9780912050263
9780374525071
9780156709903
9780449149911
9780425188224
9780671685638
9782221093832
9780425189641
9781594481925
9780812971422
9780811850995
9780345450395
9780743235013
9780679732341
9780783554563
9780783554518
9780809493784
9780783554617
9780783554556
9780783554570
9780783554594
34406054602
9780312241223
9780571145348
9781400033829
9780375703423
9780571218851
9780425143322
9788408065067
9780425147580
9780425204245
9780425171394
9780425154540
9780141004921
9780006479758
9780425188132
9780425207369
9780425199114
9780425166826
9780425183038
9780425182673
9780425161739
9780425187050
9780425186701
9780425180969
9780425176931
9780425157701
9780399148705
9780879387556
9780760320068
9780316140584
9781590592168
9780563388692
9780563388548
9780563388326
9783423362481
9780374146351
9781561709335
9780061176104
9780316501118
9780316545563
9780316545129
9780553345896
9780316545037
9780385313483
9780142403013
9780441014439
9780441014835
9780441014651
9780441013340
9780785260943
9780785260905
9780786918089
9780786942886
9781565047082
9781555603137
9780374516901
9780374516352
9780374523930
9780761136866
9780425209219
9780425198803
9780425207437
9780425207758
9780425214244
9780425203576
9780425196847
9780425213438
9780373767236
9781932386226
9780671003470
9781599900056
9781885865243
9780452272262
9781931520249
9780553585940
9780380732029
9780751506471
9780751506464
9780751533453
9780751506457
9780751506419
9780751506488
9780465048526
9781570629136
9780142404133
9780345470034
9780345480286
9780345470041
9780590519342
9780739333778
9780671763794
9780517702222
9780590103879
9780590209342
9780618615384
9781578068012
9780877477853
9780764226465
9781582972947
9780310243885
9780310243878
9780393924916
9780060786731
9780312965686
9780553586619
9780553586602
9780553583151
9780553583175
9780553583168
9780312971281
9780385605144
9780765312921
9780340823378
9780553580334
9780553580303
9780563486497
9781844350483
9781862074934
9780553144383
9780727862426
9780727862983
9780140510355
9780380706013
9780440420293
9780385491730
9780786706686
9780859652766
9781596060296
9783530268034
9782844541840
9780375761355
9780306808821
9780689823824
9781416505495
9780802133113
9782070368105
9780802131355
9780805059335
9781903015070
9781567923230
9780563528272
9780789493934
9780821221846
9780821221860
9780821221877
9780300077421
9780806523705
9780060529574
9780066620107
9780618433254
9780822002420
9780486440972
9780940450431
9780679737315
9780815411215
9780141439624
9780192837806
9780563522751
9780140322620
9781555973032
9780977698943
9781571103208
9780684838915
9780743260169
9780940450226
9780071432429
9780060742362
9780688154721
9780688143886
9780812211122
9780394706313
9780310929550
9780821775509
9780590438808
9780618111206
9781578067046
9780618257768
9780743299633
9780671047641
9780312143404
9780553262964
9780684809663
9780316139243
9780425174807
9780425184486
9780425180051
9780425190913
9780425164174
9780553561586
9780441623822
9780441581054
9780755323005
9780755323012
9780760329634
9780886773489
9780756403805
9780786714001
9780886775285
9780886777883
9780756404055
9781573225144
9781573227513
9780978721008
9780316544986
9780785821083
9780567044716
9780786817788
9781561703159
9780060192303
9780847827626
9780006512677
9780553580693
9780439368513
9780465092840
9780060748128
9780465021475
9780756404062
9780142301517
9780743276870
9780345461520
9780060539160
9780679735120
9780679781240
9780141017273
9781584855286
9781593691035
9781584858744
9780811832793
9780449201497
9780449213896
9780806501604
9780006540809
9780393314434
9781565845602
9782070377824
9780783554525
9780393306132
9780879052652
9780791074589
9781419161308
9780486435503
9780440229315
9780590988490
9780553494808
9780590456807
9780684800288
9780345314031
9780071451383
9781590583425
9780521629249
9781565078321
9780517884546
9780812532470
9780738539560
9781566918084
9780345481337
9780345478245
9780345464781
9780785123712
9780743470568
9780743499484
9780810954809
9780312333799
9780312953966
9780312994815
9780060001537
9780439896757
9780785119272
9780785121480
9781401203672
9780399146268
9781401210014
9781401202224
9781563899423
9781401210007
9781401205003
9781401202569
9781401204860
9780131433540
9780061121203
9781401212223
9780439454001
9780787960759
9780192840509
9780739341414
9780739301760
9780553479010
9780553502695
9780739332931
9780739341773
9781586215989
9781594831164
9781586215804
9781594836114
9780316952668
9780316066143
9780752851310
9780060095277
9780553575958
9780440164173
9780440613961
9780722189146
9780553763256
9781559278225
9781593977733
9781423323389
9781597376853
9781423323259
9781594830204
9781594835896
9781423323235
9781596009202
9780618390724
9780739318652
9780739340196
9780739318614
9780553702460
9780787107123
9780441014996
9780441014071
9780060510862
9780688090258
9780441008766
9780441005666
9780451452580
9780380405190
9780451456816
9780380716821
9781421508504
9780618497423
9780060584757
9780593047507
9780061139673
9780380730360
9780156029025
9780380731862
9780618258079
9780446698870
9780060582500
9780865344921
9781585004843
9780385339469
9780380820887
9780060534042
9780385339476
9780060534059
9780440242918
9780060583316
9780099462255
9781593553944
9781860428784
9781567408348
9781593555580
9781590860625
9781590864098
9781593555191
9780739340677
9781423319610
9781860429163
9781423319528
9781593358723
9781593354749
9781593555603
9781593357382
9781593353155
9780813191515
9780785265436
9781400095285
9780843954524
9780843955828
9780345442635
73999768442
9780446300001
9780440187356
73999254907
9780345418265
9780679734789
9788427030978
9780345439734
9780553053197
9780151730858
9781593153571
9780446691901
9780446691925
9781593154417
9780747238911
9780747238904
9780446530682
9780446600705
9782253172284
9782253060703
9780061126574
9780792734758
9780060759254
9780553455809
9780553477481
9780553452112
9780743500265
9780739344248
9781570421921
9783423129862
9781594832284
9781423330417
9781594839412
9781593977795
9780679433729
9780739303405
9780525936138
9780345441706
9780345441690
9780345432407
9780451160195
9780451217400
9780345476722
9781401203573
9781401200688
9780743444040
9780425198056
9780843955934
9780743496650
9780425213650
9780425204016
9780743211376
9780375415807
9780345418951
9780394479873
9782266070072
9780300098259
9781400044870
9780446699006
9780786884407
9780470043608
9781563841552
9780674961876
9780679750543
9788493464264
9780321350312
9780735711020
9780143037835
9781572704497
9781400064892
9780743245920
9781400034697
9781400034949
9780316011839
9780316910330
9780316912129
9780316735162
9780060898656
9780285635944
9781932450750
9780767906289
9781416534426
9780441013678
9780345490094
9780552153577
9780142501559
9780060875077
9780531071663
9780752817002
9781586633714
9780471377580
9780373192823
9780373124183
9780373246472
9780060561185
9780440416777
9780375813757
9781583372920
9780786815937
9780786809196
9780767906890
9788489746152
9781933771137
9781593761226
9789833346684
9780701169695
9780099282648
9781400032815
9780385517874
9780976631156
9780099422686
9781400032822
9781400047833
9780739302866
9780224063029
9780224064453
9782070756278
9789879397503
9788439711865
9780743231510
9781550548181
9781553651529
9780007117536
9780743231534
9780425190449
9780399154300
9780060539825
9780425190456
9780140157727
9781892391186
9780485006070
9780060732981
9780060587031
9781563893339
9781569719367
9780785110675
9781563892677
9781563891892
9781401209339
9780785108115
9781401209254
9781563890345
9781401200138
9781401212025
9781563893698
9781563890284
9781563896316
9780785123262
9780312339920
9781563894534
9781401204259
9789872249755
9781401209995
9780785113454
9781401200190
9781563897283
9780689869037
9781563894442
9781563896002
9781931882200
9781563894893
9780262681353
9781563894817
9781563895685
9781563897221
9781563896279
9781563899539
9781401202170
9781563899881
9781563898945
9781400076857
9780141011110
9780691120270
9780736697507
9781932857191
9781932857009
9780966410075
9780393978674
9780060843373
9780451529060
9780785819110
9780679731184
9780486434148
9780385423755
9780805242256
9780618057078
9780744002539
9780807050736
9780061196676
9780521855266
9780933121294
9780029221303
9780842383677
9780393327069
9780060957605
9780812696066
9780664229832
9781596911048
9781888451702
9780385488372
9780385488358
9780393062243
9780967575605
9780340827215
9780670032549
9781413900200
9780822309321
9780765341136
9781932664591
9780071433716
9780842358934
9781416507680
9780765316929
9780806523798
9781857983418
9781400030064
9788498000832
9780345253590
9781400030125
9781933110455
9781844670536
9781845203344
9781840460872
9780806509020
9780141185491
9780553251616
9780872205543
9780743255905
9780767907811
9780140276909
9780613997638
9781886230354
9780679764410
9780425183762
9780452287143
9780380781362
9780373713448
9781562802349
9780380792047
9781591162025
9783453189348
9788497936736
9782714438133
9781400002214
9780141007472
9788497599177
9783548603254
9782266130608
9782266108270
9788401329548
9783453868571
9780099461265
9780373250479
9784091252081
9784091252074
9784091256447
9784091256485
9784091252043
9784091256423
9784091256461
9784091255822
9784091255877
9784091255846
9784091252104
9784091252012
9784091256478
9781569311936
9781569312100
9788484497288
9781569310359
9781569310199
9784091265128
9781591162865
9781413901436
9780345459848
9780006163831
9780553071795
9780553297607
9780345418470
9780553562606
9781421513683
9781889963853
9780373255597
9780316058780
9780316154093
9780316010191
9780425190371
9780345455918
9780805210552
9780805210644
9780679423034
9780816615155
9780393058482
9780517229255
9780553382167
9780515130997
9781401211325
9780812551242
9780886776176
9780812551235
9780886776503
9780886771386
9780886774677
9781400040353
9781400040360
9780767914222
9781559360807
9780374528553
9780060976118
9780312423131
9780060975098
9781405153607
9780099453833
9781405153584
9780060977085
9780385722162
9780099284468
9780029227961
9780679776215
9781400075485
9780618506910
9780099285823
9780375701153
9780099461876
9780571212002
9780571200436
9780006861355
9780795000379
9780520071773
9780520072381
9780224011877
9780099428633
9780151001361
9782253033134
9788497824613
9781585420827
9781556591600
9781570915062
9781578050499
9780330351744
9780142002834
9780395924853
9780618127337
9780312286217
9780060525125
9780060874308
9780060851989
9780060525118
9780060880125
9780060847180
9780060725143
9780060085445
9780375828461
9780375832994
9780439890281
9780375836572
9780439087308
9780439736466
9780505524744
9780743496148
9780505523976
9780425215388
9780505525093
9780425213919
9780505525758
9780515142211
9781931520119
9780192893222
9780192854179
9780751333329
9780472064847
9780198284543
9780393978513
9780140247749
9780060789565
9780764537158
9780439774383
9780060590154
9780805069495
9780807840894
9780750937252
9781904148456
9780312274924
9780971500761
9780971500747
9780964326194
9780299178000
9780791056646
9780812416114
9780689835612
9780689849251
9780345461612
9780345461278
9780345418685
9780727852663
9780380793471
9780743518369
9780375424434
9780679779179
9780679779155
9780312155612
9780140276619
9780375725357
9780802142405
9781573229715
9783426612781
9780786930678
9781932796780
9780441012596
9780743498098
9781400032389
9781583332054
9780613046886
9780791063378
9780143039600
9780307335852
9781421507668
9781421508382
9780131445963
9780764584657
9780471265184
9780131871656
9780471409762
9780500251218
9780446607254
9780316341516
9780375714627
9780195153828
9780517588376
9781857880786
9780805413991
9780446691864
9780684849300
9780439050135
9780762412631
9780226182001
9780836282894
9780836279290
9780452287679
9780452285217
9780743251006
9780553470949
9780440504702
9780618083619
9780618391134
9780618894642
9780345458568
9780618391028
9780395606490
9780618391011
9780007149124
9780898708257
9780007149117
9780007137435
9780261102255
9781403969736
9780618422531
9782266102711
9780261103306
9781421505077
9781569319628
9781421505060
9781421505053
9781591161295
9781591164845
9780380815593
9781421502793
9781421501420
9781591168690
9781591163190
9781591164227
9781591168041
9781591166177
9781569312063
9781591163527
9781591163541
9781591164128
9781591163558
9782723433921
9782723433914
9780897330596
9781401210823
9781563892271
9780801870569
9781585672790
9781841581224
9780306805622
9780312321192
9780843947250
9780451530370
9780393048858
9780393924657
9780393090024
9781593080037
9780312862176
9780812509663
9780812509670
9780246136671
9780143036975
9780140281910
9781850522317
9780851708713
9780812966299
9780698117976
9780756611774
9781880216620
9780393306958
9780399532979
9780387222523
798499100096
9780843954111
9780843951776
9780843954104
9780843945805
9780843947663
9781881475712
9780843951424
9780843944396
9780393324143
9781582344720
9780026995016
9780307350435
9780517405093
9780307350503
9781400034710
9780307350510
9781400043330
9780307350367
9780060882860
9780307350275
9788467204360
9780307350404
9788501011206
9780140422153
9780486281223
9780300100303
9780385074070
9780785814535
9780694524198
9780440322276
9780517082454
9780816041619
9780140234442
9780802133311
9780802133304
9780802137784
9780802133298
9780142003169
9780330300162
9780312278465
9781889307152
9781584350101
9780140094541
9780393057249
9780851708706
9782020336468
9780393315639
9780413728609
9782020416405
9780393318685
9780767920094
9781400034222
9780553122756
9780930588793
9780312925741
9788483101612
9780307336132
9781564741578
9781569755662
9780439507233
9780439507226
9780970312532
9780439651394
9780439847773
9780439651370
9780439651363
9780590427692
9780590255226
9780590441742
9780613589451
9780613674836
9780439294843
9780590419277
9780613584661
9780439401395
9780340425671
9780399242137
9780803494664
9780590396431
9781416903444
9781579124571
9780060931407
9780140289206
9781585360727
9780375839375
9780803724624
9781416933960
9780446403382
9780521618755
9780060739423
9780141005348
9780763628321
9780763626150
9780763623432
9780763628000
9780763619312
9780763620875
9781416909057
9780689870408
9780064410939
9780061127762
9780060882617
9780060882815
9781887953795
9780385339698
9780440418412
9780440409717
9780553175264
9780553155716
9780451527745
9780689847431
9781593080150
9780763620493
9780141439761
9780763608040
9780345362391
9780446613446
9780778321712
9780765345516
9781569473337
9781574231007
9781845882426
9780786160440
9780440495048
9780440229087
9780340854334
9780679600121
9780449300022
9780375403170
9780679866688
9780439250726
9780786851522
9780813510996
9780689837180
9780060000141
9780152046996
9780439178822
9780439178785
9780439353687
9781417629756
9780439872478
9780439872461
9781417629763
9780064408677
9780590920681
9781401210502
9781585100354
9780791077641
9781854597687
9781854598318
9780439994347
9780440228899
9780380718122
9780375755200
9781557280244
9780312929640
9780786015412
9780439968089
9780307283795
9781421502953
9780812532630
9780764222375
9780805081244
9781400078004
9780060973339
9780674990333
9781400064663
9780821776056
9780743284882
9780743406567
9780811853194
9780345362537
9780060779689
9781590170380
9780393060119
9780393319798
9780393060256
9780393310160
9780393321074
9780671639617
9780571202805
9781557830418
9780679726487
9780312311452
9780679726470
9781560252757
9781560255215
9780451528643
9781402714603
9780143039563
9780441542154
9780743527293
9780738546780
9780738528526
9780738544922
9780738519388
9780811200073
9780674022874
9780486270920
9781843910176
9780486447780
9780714833651
9782038717006
9780743280549
9780915145690
9780062511119
9780674992405
9780064400824
9781897784310
9780543899408
9781581821291
9780140367386
9781590171257
9780140258691
9780140447552
9781564147912
9780192751164
9780312990688
9781400047864
9781573442213
9780007158522
9780375836046
9780375702976
9780064402453
9780064403870
9780060645892
9780670037704
9780142003800
9780143037439
9780140131673
9780142001417
9780140299946
9780140299939
9780670826902
9780140119503
9780684806372
9780140077810
9782246442615
9780440208143
9780878053575
9781595140326
9780689865404
9780060519568
9780689865398
9780060519599
9780689865381
9781568581491
9780330397964
9780375803482
9780805080506
9780805080483
9780805080520
9780805080513
9780141310688
9780805080490
9780805080537
9780805072716
9780525467779
9780142301449
9782742731107
9780060787219
9780385603102
9780345464972
9781594482229
9780740748479
9780836204384
9780836221367
9780836217698
9780836217353
9780751515572
9780740721359
9780441008933
9780441013302
9780553105575
9781903809501
9780385240895
9780618131709
9781564780614
9780671797867
9782253000044
9780486420424
9780671877668
9780345462008
9781597379519
9780140345803
9780140374384
9780810954793
9780141306391
9780141304311
9780140345827
9780142400869
9780810987906
9780765352392
9780525409816
9780525364108
9780525461319
9780340850626
9780099432449
9780747556404
9781567923223
9780452275720
9780812976151
9780517100783
9780374299194
9780140282689
9780141182865
9788496333604
9780060988647
9780618181889
9780064410724
9781401308209
9780060882624
9781845130497
9780553152647
9780141311494
9780553152890
9780435122218
9780224064699
9782013218948
9780230008908
9780140316889
9780691019406
9780143037576
9780691020266
9780140445770
9781596060241
9780553580488
9780553270259
9780553562941
9780553580518
9780553562965
9780809013845
9780674618763
9781590170168
9780060572006
9780060931803
9780312423377
9780060598617
9780060838591
9780340637876
9781904920113
9780807842591
9780762404780
9780823006571
9780961462093
9780571161157
9788466619455
9780439793957
9780439896184
9780439184731
9780439114288
9780439309318
9780439080941
9780064401487
9780064401517
9780064401494
9780060248123
9780553573305
9780747553717
9780312421977
9780786000234
9782879290935
9780747553564
9780060974992
9780452284166
9780452278158
9781563892257
9781563892264
9781563890352
9781563890932
9781563891700
9781563892875
9781563891069
9780394746166
9780590100564
9780393315110
9781410402363
9780898599596
9781840680737
9780671027636
9781401300463
9781569317143
9781591160335
9781591160489
9780670037865
9780451220721
9780451411396
9780451219442
9780451411617
9780451410894
9780451410818
9780451410382
9781891830433
9780452281455
9780802150615
9780714530482
9781843540786
9780800871864
9780811213202
9780804833370
9781593075293
9780811213462
9780374480134
9780486437552
9780023513206
9780061318313
9780872200562
9780192801975
9780521348881
9780844222592
9783551552716
9780064406031
9780064404419
9780064403368
9780064404891
9780816730308
9780064435185
9780786931378
9780765348753
9780471741206
9780812971897
9781400096466
9780743435383
9780439266017
9780155063334
9781595820716
9780374528539
9780345436832
9781572244252
9780399532719
9780007157150
9780385338325
9780439375900
9780810958388
9780399528439
9781598163186
9781400078370
9782268042619
9783442309177
9780375839566
9780375835315
9780060884055
9780312360115
9780060989156
9782207249109
9781417499731
9780753811467
9780753819920
9780374530716
9780374253844
9780393329292
9780679756767
9780862431358
9780892818006
9780892812929
9780830743070
9781557047410
9780807123331
9780813191553
9781419341045
9780812927313
9781557283306
9780060852559
9780691096100
9781416939214
9780805016048
9780805031492
9780826406736
9780415307710
9780300000894
9780930462093
9780743290340
9780743290333
9781578067329
9780064467001
9781575668543
9781575664255
9780312313647
9781575665542
9780395416853
9780395599686
9780822210344
9788479019396
9780071462358
9780767906722
9780767909266
9780140261547
9780385418492
9780899421698
9780140448948
9780262571036
9780075536390
9780140442410
9780674990395
9780192833006
9780553585971
9780679783367
9781928832430
9780385090025
9780870610639
9780140436327
9780192835857
9780268018498
9780743202558
9780805211160
9780224064736
9780374517885
9783491757103
9781931082631
9780374506803
9781931082617
9780590321143
9780531045428
9781595550552
9780679728269
9780226805276
9780691054957
9780380972333
9781570627484
9781590302484
9780618640140
9781932234299
9784770028013
9780525949770
9781569708842
9781569708859
9781579905088
9780752861746
9780786855100
9781594720352
9780812695458
9781400051731
9781569709047
9780099448921
9781569709801
9781593070540
9780340774779
9781421509570
9781421507224
9781421509587
9781421509594
9781421507231
9781421509563
9780415266710
9780812974430
9780812967111
9780143104933
9780744004441
9780744006452
9780744004410
752073003227
9780752848372
9780060730673
9781591810087
9780394755663
9780312422301
9781598160123
9781598160109
9781598160147
9781598160116
9781598160154
9780099452249
9781406506587
9780140442373
9780140442328
9781425462215
9781419163869
9782868050137
9780140442052
9781584230700
9780415162456
9781584230731
9780618470228
9781559211567
9780521639897
9781559210911
9783453190146
9782264031914
9780451221254
9780515141658
9780373285433
9780373285242
9780515140774
9780399153723
9780399147319
9780373285389
9780553589474
9780373285136
9780373285235
9780385335676
9780691037387
9780131541955
9780393057829
9780393019995
9781401204587
9781401204518
9780737303940
9780689873744
9780060175641
9780060928414
9780571206926
9781400078394
9780142404157
9780465024964
9780689868832
9780440237167
9780807014271
9781844132393
9780886875534
9780375714634
9788120818941
9780345461360
9780060954833
9780743486224
9780800730307
9780226025971
9781584794943
9780373895885
9780385733878
9780385731843
9780778300854
9780385731829
9780156119078
9780823410774
9781569471036
9781569471241
9781591162063
9781591162070
9781591160687
9781591161455
9780140445206
9780674994881
9780156075008
9781565846647
9780345428301
9780345457615
9780635034700
710430023622
710430023639
9780761542919
9780761555483
9780553803525
9781593979744
9780553804911
9781590300107
9780025006058
9780375760525
9780674992023
9781844450930
9780075536550
9783787307678
9780452009301
9780805210477
9780596527334
9781421513799
9781421502229
9781421508399
752063326664
9780131492028
9780321468932
9780801882678
9780801868542
9780062700254
9781593854461
9780141187198
9780679736400
9780312135256
9780679724759
9780226153117
9780439272001
9780439435406
9780590897983
9780156012096
9780385340229
9780552145022
9780393093124
9780787983505
9780141310695
9780441014224
9780595092147
9780786931965
9780441014453
9780595092086
9780452156616
9780452266629
9780786809295
9780786809288
9780375832215
9780786809943
9780375823787
9780375832208
9781400091058
9780679890706
9780871401526
9780871401540
9780871401656
9781423601746
9780345480057
9780345450692
9780805427318
9780439569729
9780785113447
9780373802357
9780373802722
9780816636709
9780826479310
9780745323374
9780743270373
9781416542261
9781585479009
9781595322357
9781592402687
9781932234220
9780380794782
9780373274482
9781572930506
9780871239327
9780312982010
9780130887016
9780679451211
9780810982192
9780792270324
9780870448294
9781598163179
9781598163209
9781569708125
9784048526456
9784048527859
9780783502502
9780783502007
9780674295032
9780689870163
9780671417017
9780140289237
9781585672172
9780224074537
9780060854942
9780060957353
9782742722808
9780060927196
9780060930868
9780375726569
9780143039709
9780486451404
9780060776534
9780940450837
9780915144228
9780915144921
9780143035411
9780142004036
9780143034353
9780670038718
9780142001806
9780340733561
9781582294018
9781582293080
9781595324849
9780192875341
9780199265770
9780199280162
9780374524791
9780345445780
9780060737047
9780380898039
9781892391209
9780312890216
9780415908085
9780307209436
9780674777705
9780451217608
9780716799566
9780262611350
9780262611336
9780786016075
9780786016051
9780786011896
9780786014200
9781892062437
9780977312795
9780385495547
9780802136183
9781564782144
9780684827902
9780064407205
9781570623134
9780071467445
9780345416261
9780720610659
9780451219947
9780425199435
9781580931861
9780393002317
9780393002034
9780140443486
9780743428187
9788425337604
9780345384560
9780143034360
9780812966183
9780385721271
9780345391698
9780062508867
9780345434074
9780872206359
9780679721031
9780394756967
9780618249060
9780395517420
9780140253801
9780763619336
9780446363167
9780143019299
9780449231418
9780679772675
9780375759864
9780375431531
9780679723127
9780192839244
9780674991354
9780870232060
9780872208209
9783598715433
9780192839411
9781419188510
9780801879845
9780472081615
9780806118468
9780198140719
9780226329659
9780374530310
9780679755487
9780374526962
9780385422987
9780385423397
9780385497145
9780756605926
9780756623586
9780825429828
9780684801520
9781593082901
9780618711673
9780061238239
9780060753634
9780385495172
9780465008025
9780965045643
9780156030168
9780743255486
9780743234757
9780743274036
9780684852638
9780743274029
9780395959916
9780842342704
9780842332361
9780842332293
9780786224692
9781586481988
9780553378580
9780805078534
9780743273268
9781591397649
9780137903955
9780312317089
9780156007085
9780446607438
9780886771287
9780156032520
9780060516055
9780465092758
9780525469780
9780971030909
9780060540906
9781402200458
9781574671452
9780060934439
9780375725975
9780736910736
9780830826193
9780787967413
9780679737117
9780679738169
9788483103319
9780451530462
9781556525131
9780766184152
9788496525030
9780887308550
9781558749603
9780618619078
9780333904916
9781565482340
9780688003470
9780060823726
9780061145391
9780060548285
9780060502959
9780060747473
9781556526183
9780060747480
9780060093563
9780374455033
9780670806829
9780373124244
9782070362363
9780446614733
9781569708873
9780143037293
9782070306022
9788420637013
9782070401017
9782070733460
9781594731402
9780872200470
9780810956995
9780874518252
9780443066016
9780140440935
9780486431840
9780689829925
9780521431088
9780521750349
9780521437202
9780192838995
9780140448030
9780140443943
9780875011066
9780691019055
9780691019048
9780465020942
9781903517284
9780471738848
9780321441461
9780534491826
9780132370455
9780201498400
9780534375973
785342314526
9780439959049
9780439411875
9780886775148
9780575601970
9780886774967
9780553299038
9780553572667
9780374175474
9780060754662
9780915144075
9780812572360
9780060746872
9780803292451
9780804111645
9780060933524
9780684852225
9780684831541
9780020360759
9781580175203
9780743222983
9780691119427
9780691020686
9780691017778
9780814204573
9780226204192
9781577660095
9780829407082
9780820324937
9780142004104
9780140286014
9780520251090
9780939682041
9780946061150
9781586212216
9780812968972
9780140157512
9780521316927
9780679753766
9780689874147
9780743250627
9781583225431
9781416525516
9780823408818
9781575667645
9780870611513
9781400075713
9781423101451
9780786856862
9780786838653
9780786282258
9780439782043
9780439709101
9780439554008
9780439849586
9780439862691
9780007126903
9780451412102
9780451409638
9780451412119
9780451409225
9780451410542
9780451411181
9780312241353
9780684827216
9782264017697
9781400079858
9780375726217
9780375706035
9780618446872
9780618134243
9781841493138
9781841493145
9781841493152
9780732270957
9780202010991
9780226733692
9780472766000
9780472027217
9780553578126
9780435909611
9780425167281
9780312361785
9781567922967
9781567921571
9781567921588
9780140189865
9780811213653
9780440362050
9780688023720
9782070715237
9789684324169
9788476405093
9780679734505
9780007173136
9780007169924
9780345440143
9780816642694
9780142180044
9780811209458
9781590170311
9781564781406
9780811204835
9781564782991
9780140448078
9780486452357
9780143039075
9780393321807
9780300094008
9781561633425
9780670032778
9780394711836
9780881031904
9781561632893
9780816632589
9780140447422
9780851703930
9780192839633
9781595690555
9780192836021
9781595690487
9782070418015
9780571203154
9780192822895
9780140443875
9780553581997
9780553580549
9780553582000
9780553588040
9780195174472
9780684800523
9780142437636
9781564783011
9781843541677
9780192836892
9780140445220
9780140443691
9780140442243
9780801868221
9780071485425
9780441002535
9780786937790
9780786943333
9780786929207
9780553563696
9780553573251
9780553567717
9780553290981
9780500810194
9780593021750
9780345397614
9780060833251
9780786929504
9780345397607
9780786913145
9780786937707
9780886778873
9780345424624
9780061052392
9780061020575
9780786927005
9780786931934
9780061020599
9780880384544
9780786915163
9781416924999
9780553120448
9780689860072
9780689860065
9781416541189
9780743275033
9780340734018
9780743260947
9780743491563
9780553583298
9780553582956
9780671047504
9780340818800
9780671026011
9780743491594
9780743437813
9780451203052
9780671038441
9780553476798
9781561840564
9781573441575
9780521567961
9780823078943
9780571144563
9780060930318
9780060841867
9780060093747
9781568984957
9780141013459
9780451461636
9780701106546
9781592220823
9780586210697
9780006482079
9780061054686
9780061054679
9781592220243
9780007102228
9780756403584
9780756402709
9780756402976
9780756402983
9780756401818
9780756403591
9780886777630
9780886776060
9783596283491
9781416546023
9780099928409
9780679641049
9780330312561
9780791075685
9780671577780
9780756401139
9780743436083
9780671318550
9780765349118
9780671878665
9780756400583
9780886774264
9780886774639
9780886777739
9780099595816
9781932416374
9781594481529
9780060507404
9780886773526
9780886774011
9780810117310
9780810117303
9780156306300
9780810117334
9780156278065
9780156881500
9780020264736
9780765600042
9780316010733
9780743458191
9780345396709
9780132382458
9780061241895
9780940450387
9780940450721
9780486202914
9781594200908
9780674705593
9781572704206
9780788789847
9780261102149
9781860460951
9788466300650
9780937832387
9780446618472
9780156013987
9780843955286
9780345472359
9780061125256
9788439720034
9780786941643
9780763623296
9780345481283
9780525945567
9780380813810
9780688172244
9780470055540
9780142407578
9780073250359
9780140144185
9780552152112
9780743496162
9780816736911
9780571225378
9780571225361
9780571225408
9780679735878
9780195162257
9780385336109
9780312150600
9780312279998
9781854596017
9783453212633
9780374530259
9783453152533
9782253144908
9780590430265
9780871139603
9780451195579
9780425169711
9780425159545
9781570614590
9780764937101
9780140449211
9780688143923
9780849917738
9781418505578
9780143036494
9781596913233
9781400031702
9781878823236
9780521663878
9780192832436
9780826514707
9780786647972
9780596527419
9780375822971
9780394800271
9780375802430
9780001713192
9789027712059
9780486201122
9780486445632
9781890159191
9780743281591
9781590171035
9780370006543
9780345254849
9780446606233
9783404204076
9781421507194
9781421507200
9781421507217
9781421509211
9781421509242
9781421509228
9781421509235
9784091263995
9780786914296
9780446672849
9780786936694
9780061020582
9780786937776
9780786904914
9780886778576
9780786931583
9780770429911
9780451217769
9781573225786
9780226142692
9781931615037
9780688153878
9781573228718
9781400054039
9781401910440
9780517543054
9780385084130
9780553285727
9781593976729
9780940687561
9780670059348
9780140509786
9780140502879
9780140502015
9780747559047
9780395746561
9780671646196
9780060765408
9780061015625
9780061015618
9780802141248
9780786179954
9780613998055
9781844130801
9780521439718
9780060011574
9780750934008
9780316787536
9780441014347
9780060530488
9780441012688
9780802428554
9781852423285
9780670038381
9780802141682
9780670034666
9780618134328
9780470861714
9780452267459
9780446602488
9780495006855
9780394429823
9780449218471
9780439297714
9780061140532
9780425212011
9781592401821
9780345486479
9780345423870
9781596321281
9780316563567
9781591821540
9781591821564
9781591821557
9781591821571
9780393327656
9780385415804
9780486226682
9781600961502
9780803273320
9780767911795
9780394716992
9781591822202
9780971357235
9780842366656
9780679813460
9780595145065
9781416543008
9780446697385
9780515110753
9780465045853
9781860467219
9781860469015
9780060765316
9780743292542
9780553803716
9780553803730
9780553803723
9780553587579
9780838526958
9780765309532
9780765312808
9780765310453
9781568582863
9780785209829
9780751370737
9780451209795
9780399153051
9780399153730
9780515141405
9780373771714
9780446692472
9781551668512
9780515136944
9780671569020
9780713912548
9781852339463
9780963281432
9780140243505
9780099478393
9780099478447
9780143037750
9781578068890
9780830828265
9780825436321
9780143038184
9780142180006
9780192100337
9780674215184
9780698118751
9780826414748
9780679764175
9780679748274
9780679752936
9780679749066
9780099389019
9780099801900
9780679759256
9780099422693
9780375704437
9780375404931
9780486426754
9781932664089
9780802806413
9780802449245
9780394846972
9780802449269
9781566993234
9780312313678
9781580931779
9780060754006
9780805078428
9782211022880
9780789308849
9781556524820
9780571209057
9780571207992
9781560761549
9781593082697
9780691097183
9781593080976
9780460873826
9781562801359
9780345461414
9780345464880
9780345427540
9780345427519
9780345434814
9780719071157
9780465015221
9780679740582
9780679765844
9780060976095
9780099427865
9780385319270
9780385315289
9780330304214
9780449702024
9780141441122
9780786407804
9780141441047
9780972851725
9780706425611
9780844631516
9780517436325
9780553214321
9780195108965
9780674940529
9781931082006
9780752865331
9780972589819
9780752851808
9780679722595
9780752852614
9780385416276
9782290315521
9780060923310
9780689848377
9780441203987
9780778320890
9781905850587
9780226500669
9780226500621
9780807085738
9780801489785
9780785263784
9780224060875
9781582406121
9781401359348
9780345486585
9780446576987
9781582404875
9781582406190
9781400095957
9781930692473
9781401917173
9780520215108
9780349102504
9780446617451
9781563895166
9780446691406
9781565041912
9780140286373
9780679722564
9781590170786
9780895260789
9780060572341
9780060513061
9780060256715
9780060256579
9780060256753
9780066236179
9780061130472
9788877827197
9780425205518
9780451206121
9780399154249
9780515118360
9781597221108
9781597221283
9780312360269
9780373802517
9780373802470
9780373802449
9780425201961
9780373802425
9780425208915
9780425197493
9780425192795
9780425211069
9780373802135
9781401210618
9780312339012
9780445405561
9781560971160
9780425215289
9780345443588
9780425217245
9780345443601
9780425207970
9780515140873
9780786941223
9780515136173
9781569709061
9781569709054
9781569709078
9780679888093
9780345478160
9780425205679
9780515134476
9780553816327
9780425209066
9780515136814
9780515134452
9780312353605
9780515133875
9781421505602
9781421505626
9781591164494
9780071391405
9780060788384
9780060788193
9780060572976
9780060572990
9780060572969
9780060854096
9780060898724
9780515139754
9783442356911
9780425201374
9780425201398
9780515139709
9780515131093
9780425197547
9780515138153
9783442358953
9780785127239
9780140449143
9780465069347
9780872206335
9780060931360
9780872207363
9780226042756
9780140446166
9780140449280
9781933440170
9781933440187
9780060667412
9781933440194
9780192839657
9780440228165
9780440238034
9780440228844
9780440229407
9780440237976
9780520024274
9781416532354
9780446618670
9780553297836
9780446600347
9780553290851
9780778321583
9780553576009
9780778322849
9780446616836
9780446614160
9780778324317
9780446612913
9780446601856
9780446604239
9780553576016
9781551666723
9780553571578
9789792234794
9780553576054
9780553295009
9780553804089
9780446612616
9780553567687
9780446603102
9780446364294
9781551665313
9780446533287
9781551666013
9780446603089
9780553576078
9780553571585
9780778320265
9780553562743
9780515068702
9780553576061
9780517077740
9781551667935
9780749932558
9780743289351
9781551660950
9780385424707
9783764501358
9780446616812
9780553569698
9781400001040
9780553218367
9788401505539
9783442354993
9780684867489
9780140447576
9780486424651
9780312157111
9781931859257
9781599869957
9781593083755
9780717802418
9780143037514
9780670038169
9782264022448
9781840466720
9780415378468
9780060520595
9780786169429
9780520240780
9780192835802
9781555974329
9781581150377
9780822316411
9780295979250
9780465030507
9780141187396
9780929587783
9781566633222
9780140059588
9781566633949
9781566631273
9780938497158
9780679601630
9780141184548
9780375507151
9780767908207
9781590175866
9780395419182
9781400041985
9780451527882
9780345472427
9780786863341
9780807066812
9780060652852
9780898709797
9780060727635
9780805420432
9780061140044
9780006280897
9780060761530
9780275991166
9780786174362
9780826411327
9780826418975
9784990327507
9780826477910
9780872201927
9780140449334
9789810549411
9780140192469
9781416540267
9780330250696
9780140191912
9780140191929
9780394718231
9780099490685
9780385722377
9780385497091
9780064405713
9780963625526
9781590302088
9780141183022
9780679422990
9780140178975
9781400040216
9780140446043
9780143036296
9781888996289
9780374524920
9781593072025
9781593072599
9789177129332
9780618446704
9780887847448
9780618710317
9781414302683
9781414305813
9780842360616
9780399153891
9780842384117
9781569550342
9780312426118
9780679721888
9780151012268
9780312939502
9780975306628
9780679738565
9780812474947
9781400080373
9781400098040
9781400098231
9781400098026
9780325008080
9781400071579
9780316926348
9780316917339
9780316926607
9780829421224
9780395511688
9780060677015
9780691027494
9780744004298
9780143037484
9780143034605
9780142004456
9780870700163
9780743471329
9780743426916
9780671041557
9780743426923
9780743471237
9781594970009
9780744001051
9788437604824
9789580408550
9781595322326
9781740599245
9780810992597
9781565840393
9781933633107
9780151012114
9780345477149
9780802132130
9780883448243
9780060955229
9780521558723
9780809095049
9780140196092
9780330412445
9780743269834
9780307237903
9780521406772
9780684849690
9780739427118
9780553299618
9781403356208
9780670034802
9780767912242
9780767912273
9780767905206
9780141011516
9780140295948
9780767912235
9780821778067
9780767907804
9782857044826
9781580051880
9780140280494
9781400034291
9780312181109
9780878052738
9780736909525
9781414305776
9780842361934
9780618471164
9780618427697
9780192838056
9780140432671
9781840220605
9780449911723
9780345477248
9780449911808
9780345485595
9780449911891
9780312333751
9781551521916
9781400034208
9780753821862
9781853260216
9780451529794
9780563504078
9780446676489
9780446675239
9780688166250
9780312989385
9780312990718
9780312990695
9780940450820
9780143037613
9780375761140
9780192806949
9780141439969
9781931082099
9780752858494
9780312982515
9780553271096
9780446699075
9781593978860
9780752858630
9780571211500
9781572705647
9780451199928
9780517035801
9780451199935
9780451200181
9780792737360
9780451201157
9780006499619
9780060741044
9780515141665
9781563054426
9780060916466
9780553525632
9780099460176
9780345434807
9788466302203
9780345396938
9780099471431
9780099271499
9780312941468
9780312877514
9780061093982
9780312876623
9781573456630
9780231121897
9780425058190
9780765304742
9780765308405
9781582971032
9780060545628
9780060545611
9780553575095
9780736904896
9780553575101
9780736904940
9780736908160
9780736913829
9781400065875
9780736910194
9780736911689
9780786718610
9780571205219
9780571201150
9780231124270
9780060834005
9781400054879
9780758207746
9780141318301
9780451528568
9780141439655
9780192801494
9780140620474
9780393092103
9781591024507
9780380813735
9780534613037
9780439746854
9780439744669
9780439746847
9780439746861
9780439738613
9780618056736
9780500277591
9780684839295
9780451530301
9780345452887
9780743487740
9780899664590
9780764228490
9780451530172
9780688172176
9781579652524
9780195172416
9781904920359
9780446670784
9780811213769
9780811200912
9780807062135
9783379017060
9780691017389
9780618611690
9780618477906
9780425198735
9780486270616
9780553150322
9780140817782
9781844164035
9781593076191
9781844164165
9780141311357
9780142407912
9780140382976
9780375724701
9780192840745
9780771014178
9780143039501
9780521498678
9780758210371
9780143035169
9781840220551
9780141439686
9781565120556
9780553578171
9781590172193
9781400092963
9780471197058
9789681317089
9780679722052
9789875801448
9783150071236
9780231138765
9780394704371
9780671739164
9780199264797
9781405161602
9780812695731
9780812694338
9780764551536
9780156717205
9780812694550
9780534543648
9780826468956
9780631186274
9780812695830
9780812696110
9780140447804
9780195145816
9780812696011
9780226066660
9780199296095
9780691019581
9780415327732
9780789430748
9780465056743
9780521654081
9780872204201
9780872207806
9780495128441
9780226777108
9780674013735
9780803272712
9780812694093
9780130422538
9781840465761
9780812695021
9780415267632
9780198752721
9780812694536
9780898702620
9780136626282
9780140448153
9780198782742
9780812695311
9780415356299
9780195325928
9780875428321
9780316013345
9780198752127
9780451528308
9780691020167
9780618251322
9780060838638
9780596009410
9780785116776
9780744001402
9780785120193
9780785115311
9780374131944
9780785117599
9781569319499
9781569319505
9789861146096
9789861146140
9789861156538
9789861146126
9789861156521
9789861146133
9789861146102
9789861146157
9781581344493
9780240805412
9781853264177
9780670000968
9780141180304
9780140186574
9780375753732
9780521294300
9780156031547
9780195098310
9780195121216
9780195023664
9780231121910
9780449910832
9780385721875
9781400033171
9780373771660
9780099474463
9780099476337
9780373836086
9780099474425
9780099476351
9780099474395
9780099474388
9780373835492
9780099283225
9783548601311
9780755321360
9781933397498
9780747267195
9780755321384
9781570671043
9781570671814
9780380731220
9780380731152
9780380731954
9780786710652
9781933615035
9780936184920
9780936184722
9780964017931
9780006511779
9780375806155
9781421506746
9781591164593
9781580070911
9780486256078
9780843945195
9789875661707
9780373713011
9780804119436
9780316182546
9780380784912
9780345476999
9780345476982
9780373771721
9780553815023
9780345458940
9780671553043
9781400062454
9780465069903
9780345346292
9781593074067
9780395877432
9780822953319
9780743202411
9780875526027
9781595328403
9780679887430
9781595328410
9780415926300
9780765315083
9780099493679
9781571458681
9780553285550
9782723431026
9780345492791
9780345492807
9780345492784
9780345492814
9780765804716
9780060723514
9781932442526
9780142004821
9780785121947
9781556523984
9780312423797
9780936197449
9788495311788
9780743485043
9780743485050
9780141016702
9781904271062
9788838461132
9780393979312
9780714541105
9780321182746
9780451217417
9780099297703
9780434009053
9780553588255
9780425203897
9780425192030
9780553582901
9780517064870
9780425136980
9780425195482
9780553579758
9780425147511
9780425210758
9780425181102
9780553584486
9780425099339
9780553582918
9780553804812
9780425153970
9780451205421
9780747236382
9780425214596
9780312867577
9781400075980
9780321272508
9780385722148
9780385720854
9780739312643
9780385339704
9780316154970
9780316734950
9780446607278
9780316614566
9780446699556
9780446690454
9780446611626
9780446612739
9781853261404
9780425213100
9780393050578
9780671722876
9780425196991
9780375509179
9780300085068
9780674637122
9780553804324
9780553584530
9780553578683
9780393320039
9780679734031
9780811216371
9780393312874
9780878054893
9781593080648
9781883011383
9780805208733
9780805208863
9781593081805
9780684194264
9780671684020
9780851703688
9780679772552
9780679410430
9780141186184
9780486431680
9781557131775
9780285647879
9780141180670
9781931243193
9780970312556
9780671519162
9780762427321
9780847827374
9780425165584
9780060933159
9780060933166
9780060596385
9780061094156
9780006482642
9780743417341
9780819564528
9780375757181
9780393927870
9780553527407
9780671046170
9780743520058
9788401474729
9780451821287
9780425134351
9780765300355
9780446390576
9780451213594
9780831727529
9780743267533
9788408042433
9788497594295
9788427011502
9780786890439
9780679740131
9780394299037
9780670776054
9780609810873
9781929068036
9780517412947
9781558614987
9783499137303
9780374500528
9780812974416
9780870540387
9780345329455
9780843943993
9780007127771
9780679413356
9780024277800
9781904633389
9781590171455
9780753453216
9780425199329
9780140440461
9780192835024
9780140441055
9780764804946
9780140440225
9780393925876
9780310249870
9781598184549
9780786714957
9780553213973
9780237526887
9780812972122
9781589630949
9781885586421
9781410103277
9780451529770
9780812968569
9780812966428
9781410102157
9780307276780
9780307338464
9780340824467
9781558743748
9780684856278
9780684825106
9780743418720
9780140085303
9780140139976
9781560251149
9780670831746
9780060775858
9780061125935
9781594862953
9780743291354
9780345412812
9780141314570
9780896087644
9781401211950
9780895941411
9780679742586
9780739322796
9780806133638
9780141013954
9780689036910
9781557091628
9781557091550
9781557092649
9781557092632
9781851682348
9780812975291
9780712678865
9780821775899
9780823084500
9781585678136
9780895872739
9780375757976
9780140436990
9780192834911
9780743480710
9781400049516
9780060906825
9780439681360
9781569716182
9780743480727
9780345483195
9780375823619
9780156632775
9780060925819
9782253150862
9780679434047
9780521532488
9781903436332
9780521297653
9780684854755
9780684846118
9780316182744
9780393978193
9780786928576
9781559362108
9781903436608
9781586634049
9780521532471
9782266075183
9782869595941
9780822007357
9780140444308
9780691102573
9780313324529
9780300101058
9780521532525
9780198321491
9781580495783
9780521532532
9780764585746
9781586633585
9781903436912
9782221092491
9780679767398
9780465007806
9780553157277
9780091906818
9780749307844
9780743272773
9780393324860
9780938045557
9780385334303
9781932361278
9780060899226
9780231138703
9780785263715
9780681403222
9781557046765
9780708823606
9780767921961
9780349117621
9780679721819
9780312422738
9781933368566
9780810114685
9781400033720
9780758210180
9780758202956
9780758201553
9781575667218
9780758215048
9780060566685
9780758206824
9780758213501
9781575667225
9780827242319
9780060799908
9780071359160
9780887306662
9780452267640
9780060590291
9780060735418
9780060735449
9780060590277
9780060735425
9780060735456
9780140140828
9780393061062
9780961472825
9781401207557
9780393328608
9781569719602
9780345461537
9781593075439
9781568821818
9780141187068
9781568821863
9781568821801
9781568821443
9781568821870
9781568821405
9781568821481
9781568821740
9781568821177
9780760728505
9780312199432
9780143038825
9780205313426
9780140620634
9781416520382
9780321399533
9780486295688
9780130977694
9780688001292
9781887368797
9780312878276
9780765311719
9780727860996
9780765311405
9780765308375
9780312878269
9780765308702
9781932382723
9781887368889
9780375724930
9781581950069
9780375702068
9780099422174
9780099428169
9780140389661
9780765344724
9780006751151
9781873448038
9780613996983
9781556525322
9780689718762
9780618313662
9780152057084
9780316693257
9780446613361
9780070488205
9780778322993
9780316155601
9780613608701
9780312304461
9780375714337
9780312424930
9780375508042
9789706519245
9783546003308
9780802850898
9781584793823
9780385338691
9780373250745
9780440241904
9780312932817
9780312932800
9780312932787
9780373771387
9781551668659
9781551669519
9780373772513
9780312940980
9789500426541
9783442448968
9781933771175
9788495618634
9780060096687
9781858689104
9780722539019
9780060988258
9783442454082
9780349118994
9781573227162
9780446358583
9780446679091
9780446674829
9780446679084
9780751531244
9780446611916
9783548253817
9780751531206
9780375701474
9781852428082
9780756403164
9780451404756
9780743411479
9781842991244
9780152956028
9780977880430
9781930699892
9780714531168
9780521220231
9780752864778
9780810936843
9780679767305
9780879239480
9781400030774
9780375509322
9780262693196
9780316014533
9780873527361
9780618485222
9780787976286
9780609801406
9780393311396
9780674891999
9781400051533
9780393308198
9780393308570
9780393311037
9780393064988
9780684846316
9781572307025
9780099456452
9780688033552
9780743286985
9780525945079
9780618436637
9780393326710
9780743266864
9780486450063
9781400041275
9780231054751
9780131730366
9780486449821
9780131198777
9780763626297
9781857151992
9780517266557
9780689877995
9780521598224
9780198321477
9780393974997
9780300119947
9780375759345
9780670032563
9780224036405
9780689807015
9780689851902
9780745635323
9780631198192
9780745628479
9781853754159
9780312997830
9780312970741
9780810935938
9780131551138
9780131935075
9781931414166
9780805069372
9780140192070
9780892811458
9780140193350
9780312151225
9781932382600
9781593074746
9780762104208
9780895772497
9780762100736
9784091263919
9780896892026
9780060936198
9780786849079
9781416918080
9780743292641
9780805072457
9780812539370
9780061131240
9780064472685
9780064473545
9780307265784
9781902602684
9780099498582
9780099498636
9780440122098
9780099498667
9780385335102
9780752876870
9780752876818
9780394863658
9780786222728
9780375826894
9780375824043
9780679890546
9780375813689
9780375826887
9788484451143
9780300116182
9780345483577
9780156032599
9780671024819
9781421500911
9781421500904
9781585100378
9780226307657
9780375701160
9780872207295
9780679409960
9780679761648
9780446520591
9780679760221
9780375724749
9780679761075
9784770016058
9780679757917
9780918172020
9782070401673
9780552152976
9780060890315
9780552133258
9780060094935
9780060855925
9780413771162
9780552552646
9780060507770
9780061020667
9780552146081
9780061020704
9780060855901
9780413772190
9780552146739
9780552152945
9780091898243
9780552152952
9780060541873
9781857237252
9780385609371
9780552153157
9780613572170
9780552154284
9780060012342
9780739403457
9780060013134
9780575068858
9780061051586
9780060094966
9780785110590
9780714843308
9780312291457
9780806525693
9780425110423
9780451454072
9780399153693
9781590525081
9780142402245
9780425188934
9780517681138
9780470046043
9780691008530
9780670820559
9780312320195
9780812564754
9780345296917
9780275942694
9781574889239
9781580801423
9780465070596
9780373802487
9780786938216
9780590444255
9780804104555
9780515100532
9780345466396
9780060922559
9780752858623
9780440190691
9780751504354
9781561796779
9781563050756
9781933110332
9780373771837
9780821764602
9780373117192
9780451180414
9780330307604
9781575662459
9780684871226
9780684807546
9780671728205
9780553282801
9781600100291
9780006176954
9780689876707
9780851742717
9780821746219
9780744005837
9780765305114
9780440421214
9781402728112
9780446617673
9780786939183
9781416912279
9780449908402
9781857236071
9781416502043
9780345335289
9783442249756
9780517199961
9780345439499
9780099409960
9782914370318
9783442352432
9781852521417
9781857230758
9781402736957
9780007104840
9781401202422
9781401211981
9780954734305
9780451412126
9780310217602
9781416513414
9780671521103
9781572308688
9781419954481
9780939631902
9780553096064
9780395044995
9780553563382
9780195168952
9780345422910
9780345381118
9780201408256
9780805390476
9780345461582
9780345495846
9780345495815
9780345406446
9782290011157
9780345468390
9780345323903
9780727845641
9780743498296
9780441248834
9780345443007
9780446362375
9780345495839
9780671854058
9780060518516
9780441008476
9780446352642
9780345418616
9780143039846
9780071418584
9780439895569
9780679783206
9780451526472
9781402726637
9780765348449
9780812513752
9781841491837
9781586633578
9780764587269
9780785116349
9780743255783
9781419542244
9780553576375
9780452269682
9780452273375
9780766608283
9780684850627
9780879100360
9780671470722
9780895873316
9780373793181
9780373793242
9780670034574
9781400052219
9780760328248
9781569803103
9780061094231
9780876121511
9780425039298
9780393703276
9780842356299
9780440236634
9780820321752
9780689854590
9780671892678
9780451211446
9780385496056
9780373078547
9781416530749
9780553581850
9780756622381
9780756630522
9780756614195
9780761554912
9780345477606
9780345449016
9780345463050
9781593077099
9780345477385
9780810959361
9781569719626
9780345494764
9780345449030
9780811828031
9780756623432
9781593076276
9780345449023
9781593076405
9780811848831
9781593075538
9780811821841
9780345449009
9780345475824
9781569716199
9780439681308
9781593073527
9781593074821
9780099410386
9780756611286
9780811828697
9780861714971
9781593077112
9781569719640
9780345428837
9780756611293
9781593075675
9781593074661
9780345463098
9781401302337
9780933121263
9780803283855
9781416509080
9781416509387
9780373612116
9780060727536
9780306813689
9781416527299
9781596432949
9781577314035
9781577312093
9780385418867
9780316013314
9781592402694
9780810959118
9780060844097
9780743235655
9781579120580
9780966264920
9781843537205
73999960822
9780451207357
9780674016361
9780385315173
9780517581001
9780711983083
9780618251452
9780062736987
9780393328868
9780028621302
9780380796984
9780140165302
9780375709227
9780684854465
9781567313987
9780451218049
9780553525021
9780375753107
9780701137687
9780800631284
9788172235222
9780471272427
9780393322965
9781573928915
9780471133124
9780934380232
9780439405577
9780439405584
9780439405591
9780142403228
9780312878603
9780345452511
9780646418421
9780486297163
9781852424473
9781852426743
9781852424497
9781416912330
9780671034436
9780671691325
9780803273597
9781593072285
9781845760182
9781421513942
9780061140501
9780373764198
9780060001810
9780373483372
9781401204105
9781563898419
9781401212483
9781427802118
9780024181909
9781416509370
9781587155871
9780743292436
9780743272094
9781558321823
9780689846175
9780006550433
9780007170401
9781597770767
9781582433455
9780126801262
9780571214266
9780571225552
9780312172251
9780618074518
9780140238136
9780618056804
9781578067596
9781842931851
9780394718132
9780856684982
9780446526418
9781400095292
9780375704710
9781400095308
9780375727375
9780061014093
9780684802039
9780743269513
9780743297301
9781594481949
9781594489259
9780151327737
9780786702275
9781403967923
9781555600389
9780756404321
9780756400439
9780756403140
9780756403188
9780886774448
9780886777999
9780060511135
9780373772520
9781551669045
9780380763399
9780060511104
9780373771257
9780747253747
9780618339556
9780553586077
9781556526008
9781556526442
9780449236413
9780805072839
9780520239326
9780553372120
9780231124928
9780520040243
9780843104363
9780142300190
9780451139696
9780143039914
9780060830939
9781931082723
9780060957902
9780345350800
9780345331052
9780345384225
9781589943070
9780345384218
9780152054519
9780152050863
9780152054472
9780152051167
9788478886746
9781588467980
9780197261118
9780373870288
9780486287768
9780486286563
9781551114125
9780761417101
9780761417132
9780761417071
9780761417125
9780761417095
9780684831831
9780195135794
9780425127261
9780070456716
9781932051292
9780393307009
9780195101287
9781584655800
9780870541858
9781568820408
9780801882982
9780312257378
9780451529947
9780743487771
9780940450790
9780345478238
9788483105023
9780142000199
9780140157185
9780778323563
9780451408693
9780778324782
9780778322733
9781551665719
9780380776047
9780451192523
9780821760536
9780140383195
9780142300848
9781416520399
9780618196258
9780395971284
9780006754893
9780618070237
9780395971857
9780812538830
9780836246216
9780060081713
9780824521233
9780787982379
9780887511127
9781563892479
9781592851614
9780198601739
9780521638760
9780521398336
9781594480676
9781565044043
9781581126501
9780786845033
9781416915041
9783822856499
9780415247962
9780805069563
9781565048201
9781568821788
9780812927634
9780064440950
9780060225353
9780064440578
9780064441766
9780805427776
9780929005492
9780689716041
9780976234968
9780701179793
9780701176815
9781567921892
9780099462101
9781585678761
9780198145707
9784757506206
9784757508552
9784757509665
9784757507913
9784757512306
9780140128468
9781596440784
9781933372136
9780099284291
9781903254387
9781840681123
9780816643004
9781560257011
9780060593209
9780380818204
9780060593193
9780060001445
9780060001452
9780060517618
9780767904612
9780231102438
9780517222850
9780821718254
9780099601111
9780520231511
9780753812938
9781406955811
9780553273861
9780553763249
9780763625894
9780763618988
9780763623326
9780763625290
9780763622701
9780763630140
9780140620276
9781857331646
9780521476768
9780765345707
9780765357663
9780618439096
9781891830600
9781593070694
9780375714764
9782840558590
9780520206397
9781857024692
9780865473010
9780425214435
9780060084530
9780425204306
9780425205815
9780743484190
9780425141236
9780758212382
9781844675739
9780761956921
9780231121002
9788497934329
9780425213612
9780060002053
9780312352363
9781419953965
9780821780572
9783861878759
9780786809608
9780060760823
9780064408745
9780064405959
9780060546571
9783423242301
9780312346065
9780764136313
9780618084746
9780141185224
9781857152746
9781400042067
9780684804422
9780140435191
9780674673779
9780786812912
9780061120060
9780310259664
9780020518600
9780941807555
9780312315733
9780316890663
9780142001745
9781841952888
9780553011807
9780316911481
9780805850840
9780330375467
9781550546002
9780060525101
9780851513348
9780316013307
9780521002936
9781555424435
9780743484879
9780872861909
9780809015566
9781400031184
9780440169123
9780192803467
9780425151044
9780812565881
9780515133080
9780192804785
9780140434255
9781593083366
9781593080495
9781586633790
9780316831116
9780688140717
9780967469782
9780345910905
9781559277587
9781400076505
9780786848690
9788497939218
9780439573887
9780307343116
9780670913527
9781568986197
9780440238409
9780312980382
9780743252218
9780679406839
9781840462685
9780878510375
9780192840318
9781553100669
9780813025933
9780689863127
9780380813865
9780674006720
9780684182605
9780689818363
9780689856747
9781587887734
9780451527035
9788497930055
9780060556501
9780060765484
9780060845247
9780425216026
9780805377958
9780822008255
9781551112237
9780517037058
9780517229279
9780395657836
9780060882600
9780330398046
9780743437578
9780689849732
9780425193822
9780425193792
9780330397803
9780425206546
9781416531043
9780385734073
9780939666508
9780385086165
9781400076581
9780385014809
9780385733205
9781583224717
9781853993237
9780486406541
9780976072614
9780760768952
9781565849426
9780060518653
9780517053577
9781590526859
9780060977498
9783492238694
9780060925772
9780670030798
9780689118449
9780060987466
9780859653725
9780312181338
9781597818704
9780521317504
9780674824263
9780674268630
9780691037790
9780521805223
9780439517379
9781591840565
9781560107668
9780451401960
9780553561524
9780449239698
9780736850919
9780590442091
9780439023313
9780752857930
9780743463089
9780156032780
9780671025700
9781931047173
9780471705222
9780310272663
9780393321630
9781590526866
9780767905107
9780712645621
9780471758181
9780679730613
9780060519131
9781568363561
9780340766163
9780870679940
9780870678813
9780060916510
9780060921712
9780252008078
9781567430288
9781595325556
9780822331131
9781861891846
9780226675763
9781400034628
9780674802803
9780674514713
9780571172955
9780140443103
9780192836779
9780140243642
9780060741877
9781579546465
9781842322765
9780292707184
9781573221115
9780340831205
9780943015538
9781590301876
9780781731836
9780060937652
9780756615697
9780312360863
9780792238935
9781853260735
9780375760105
9780940450219
9780553213294
9780226500607
9780006380832
9780394707761
9780385191661
9780812975215
9781560976936
9781560978008
9780375423802
9782840555520
9782840558873
9781583224892
9781878825049
9783110172799
9781583225479
9781878825087
9780151003075
9784835214108
9781932234411
9781593072674
9780387988924
9780387985893
9780896083219
9781400079377
9780385493628
9781841882543
9781417699674
9780205359219
9780205479801
9780747250371
9780385334563
9780679744733
9780375701894
9780307275936
9780060916497
9780743253291
9780679761792
9780375701887
9780679761785
9780060934545
9780061131271
9780061177590
9780061177583
9780872861558
9780876856833
9788408041252
9780553292787
9780553298550
9780553280876
9780553258868
9780553297942
9780312349295
9780375721151
9780060580810
9780060774127
9780553492361
9780553493979
9780553275605
9780553275674
9780553570687
9780553275216
9780553493849
9781570915925
9780505525536
9780786868698
9781405823517
9781600430015
9780060774073
9780425209424
9780060773755
9781845760656
9781565124950
9781550225402
9780307337931
635517047547
9780553507355
9780553274912
9780553276725
9781562920586
9780441014897
9780590240772
9781402714597
9780486276809
9781402714542
9781402712753
9780312312152
9780060973469
9780884861515
9788433920706
9788408066439
9789685208550
9788408045755
9783518014349
9780192839299
9780736402385
9780439672573
9780743564526
9780440300281
9780393958041
9780440419464
9781559362900
9780747562832
9780439244190
9780747566823
9781932100563
9780393322576
9781558492769
9780312085124
9780312364526
9780345434906
9780312966201
9780448433196
9780743436502
9780306809576
9780670261550
9780142437551
9781931082914
9780140481938
9780935607093
9780140150803
9780486442891
9781588340979
9780802133908
9780292701328
9781843103318
9781930901353
9780826323576
9780571214808
9780373115990
9780142001301
9780679758334
9780814742815
9780760324073
9780439863681
9780517550366
9780880071314
9780439791403
9780385316576
9781599982939
9780439829137
9781416501626
9780312354077
9780743496124
9780373246830
9780439424691
9780330363686
9780439798730
9780006906018
9780613371650
9780439629393
9780439933384
9780439933414
9780618477944
9780696211522
9780393058475
9780199205646
9783442545537
9781400032051
9780898706833
9780385515504
9780307275561
9780446580281
9780765354952
9780446611237
9780446612760
9780515094657
9781412086530
9780375713750
9780099428381
9780743287968
9781583762059
9780471469339
9780471292517
9780393061635
9780449003886
9780345437976
9780520244955
9780060724290
9780486249445
9780688149895
9780805071061
9780922915613
9781400047338
9780451219718
9780452270848
9780452268180
9780884193555
9781881244066
9781587610912
9788433920447
9781577948261
9780792241737
9780805063745
9780805063394
9780763616250
9780099453239
9780312937720
9780312324087
9780312352356
9780312987015
9780312987022
9780312940027
9780312336240
9780312934439
9780750666008
9780590859981
9780590959889
9780395971789
9780425212103
9780843956047
9780425200742
9780425201596
9780425194591
9780425210383
9780425144305
9780425146224
9780425206119
9780883631218
9780385338059
9780843944822
9780843948103
9780843953244
9780843949094
9780843954999
9780843946802
9780843949742
9780843955002
9780896892934
9780393327021
9781563899317
9781401209414
9781560973805
9781563895951
9780763621643
9780789420343
9780789410245
9780060872793
9780060840884
9780843955859
9780060731434
9780060731250
9780752837499
9780898792089
9780060731441
9780142406984
9781400043361
9780618446582
9781401301361
9780786867974
9780786886814
9780701176150
9780534371098
9780890969403
9780140143959
9780743453141
9780312935740
9780312935757
9780312935733
9780505525154
9780743415354
9780743449328
9780671773458
9780671037482
9780743408660
9780743449311
9780743412490
9780851709680
9781557042460
9780751514629
9780330316255
9780143037682
9780143037675
9780142003442
9781576753514
9780670839353
9780307263308
9781879965034
9781930846395
9781930846104
9782290319703
9780226731513
9780810958623
9780060577049
9780876851388
9780140364750
9780140363333
9781565849938
9781400095810
9781400031528
9781400031566
9781400076956
9780099448877
9780099464693
9781573441087
9780060732295
9780060524951
9780060524937
9780060524944
9781590529621
9781565892156
9781573225205
9780590422444
9781400080465
9780061152559
9780099477822
9780486285610
9781579651602
9780446516662
9780446526647
9780446514194
9781580082686
9780758210944
9780375714689
9780060512187
9780060009427
9780060777050
9780060080839
9780060882037
9780060507275
9780739340820
9780883683231
9780142401101
9781599051123
9780141310947
9780142300701
9780141301068
9780440418221
9780767915694
9780865652422
9780140441451
9780760768969
9780441010387
9780306810701
9780306804984
9780071422802
9780486270609
9780804119184
9780345478955
9781551117225
9780194230353
9780812976144
9780552998680
9780747518457
9780140057058
9780689869204
9782264034892
9780375708367
9780375700262
9780132197380
9780375706332
9781400080663
9780140233032
9781579907150
9780786852970
9780061130359
9780452284555
9780316010665
9780689869907
9780767923064
9780192838971
9783822817346
9780300090956
9781841952871
9781841953670
9780812972528
9780064462358
9780070183179
9780375421761
9780375714412
9782207252000
9780613060325
9780060842314
9780060841829
9780060835774
9780142403204
9780571207084
9780595272099
9780679762690
9781400044740
9780679731146
9780141015088
9781841954318
9780553213553
9780140437973
9780446500029
9780307263711
9780446500036
9780786885596
9780765350985
9781405034142
9781567996036
9780520246331
9780312118181
9780395515976
9781593851170
9780312850531
9780743417518
9781563924699
9781416507819
9780441011339
9780312930400
9781841493114
9780765305602
9780099690603
9780641573040
9780812508642
9780156002080
9780486256429
9781587150883
9781587150890
9780517125779
9780812533316
9780060598891
9780060598846
9780060598853
9780312362966
9780312983307
9780060584023
9780747267638
9780755301973
9780060736958
9780060738259
9780312948962
9781593979263
9780747267621
9780330371247
9780061126529
9781857988376
9780553574012
9780803261839
9780345329561
9781400130214
9781400130221
9780345339300
9780345334244
9780345345110
9780345339935
9780345329554
9780143104889
9780345370112
9780517659571
9780809599813
9780751536829
9781569473641
9780743298025
9780345457745
9780785117681
9780785114932
9780553135428
9780385339728
9780812976526
9780517168950
9780679747192
9780451213235
9780099416272
9780671553029
9780345301116
9781562010355
9781400031313
9780312266059
9780851512280
9780515141672
9780596007195
9780553381665
9780141185859
9780345479075
9780553574227
9780575073609
9780373285334
9780373484416
9780060609177
9780060609191
9781592574001
752063326725
9781590595527
9780470096000
9780764555893
9783822847787
9780700614523
9781932420340
9780375761195
9788489367012
9780143036081
9781741045918
9780520048980
9780393924954
9780882580968
9780060974688
9780140249996
9780571148431
9780802431486
9780306808913
9780316735643
9780791059296
9781582343495
9780316773782
9781416505419
9780805077971
9781564783936
9780805078916
9780698115842
9780763623111
9780811205467
9780262680936
9780099429166
9780764122781
9780764553134
9780395544259
9780747548317
9781929610259
9780297843702
9781882647002
9780312853020
9780312872793
9780425058732
9780712311021
9780441272327
9780312868772
9780743487146
9780425084786
9780441505326
9780312864743
9780312865764
9780441303168
9780812501940
9780879975319
9780922915996
9780446658089
9780812966008
9780393098747
9780375756788
9780812967883
9780824708245
9780385499842
9780812971057
9781400073474
9780312890179
9780312890186
9780765350503
9780765316646
9781579124588
9780373274741
9780618329670
9780696018824
9780064300896
9781550023923
9780888822406
9780380731213
9781857988369
9780345467171
9780781723053
9781592441129
9780517123102
9781932100013
9780879971540
9780345302359
9780879977665
9780879979119
9780879977641
9780312088477
9780786719051
9780517552940
9780517551868
9780517551851
9780385490627
9780143039143
9780822218630
9781582970073
9780892818785
9780575043558
9780553803136
9780553585810
9780312890377
9780553574029
9780312890360
9780553585803
9780312890384
9780312861438
9782253141204
9780786890910
9781560600800
9781400033836
9781890447427
9780870744853
9780679735908
9780618341238
9780465014903
9780826493958
9780312425289
9781851588527
9781891620416
9780345468031
9780399136658
9780517164358
9781571780591
9780316831307
9780318634876
9780140291872
9781580174046
9780312427290
9780345355249
9780345355232
9780345352446
9780345362490
9780345395184
9781591164852
9781591161301
9781591165620
9780312426439
9780306812309
9780452273085
9780714529035
9780060593636
9780373073160
9780373118182
9780060929596
9780446578424
9780718128821
9781578569540
9780441013258
9780064404778
9780552548229
9780862032807
9780862031435
9780441004997
9780689822841
9780689817168
9780689849121
9781596792371
9780865471863
9781590301081
9780060934637
9780060934736
9780743264914
9781416535522
9780743497282
9781416935148
9780743418133
9780671004538
9780684866222
9780743412636
9781878972187
9780785218364
9780385337496
9780749307233
9780321432872
9780749305796
9780451530387
9780816147175
9780679602712
9780061053665
9780743449045
9780671040840
9780743296168
9780765356178
9780786714681
9781585675173
9780553580839
9780590058964
9780771008740
9780142407929
9780325005683
9781578066100
9780618013241
9780201748673
9780321303370
9780887306297
9780739844328
9780553157161
9780440413707
9780553233506
9780380620005
9780684854731
9780312354954
9780142407455
9780142402429
9783407788191
9780765314239
9780970481719
9780684838380
9780671897079
9780142401118
9780486450490
9781884365300
9780451529756
9780312186883
9780451207791
9780330345040
9780425211892
9781416537809
9780425205594
9780425204238
9780671704643
9781416516859
9780141017723
9780553589443
9780425197394
9780399154195
9780141010311
9780743449670
9780425194522
9780425204030
9780307343260
9780425197387
9780399148729
9780425204191
9780425193723
9780743480697
9780307376640
9780307209610
9780671026226
9780764539503
9780140621754
9781417647118
9780810111141
9782070709045
9781568028347
9780810957909
9780810957893
9780810970571
9780060934729
9781590593899
9780596006624
9780553803709
9781596870413
9780553299496
9780553569971
9780140172133
9780553293425
9781857989342
9780553293432
9780449015414
9780060556525
9780380010325
9780380699179
9780142405741
9781598530018
9780786848935
9780521288842
9780192862099
9780673393555
9780316015844
9781593081256
9780671211486
9780689851131
9780439321600
9781843170174
9783442451531
9783551552099
9783895849619
9783570211021
9783551552105
9780385265560
9780205419289
9780552146555
9780451203779
9780099498643
9780099498575
9780752876825
9780099498599
9782268031675
9782266129374
9780747268468
9780747267454
9780747267447
9780747267430
9780751533439
9780755304851
9780747264866
9780747268475
9780747257363
9780747257356
9782290327500
9780373895205
9780340828069
9780006514855
9780140621594
9781903436578
9780385017336
9780385313612
9780140714531
9780805073874
9780192819338
9781903436615
9781401302207
9780747250388
9780141305950
9780743482844
9781903436318
9780753819951
9781864503364
9781844494248
9780765311856
9780765311801
9780312873110
9780765311863
9780312873127
9780575402911
9780312348649
9780312323868
9780312321185
9780590213110
9780312321208
9781880972472
9780312289515
9780373250219
9780596006938
9780752858500
9780486421247
73999140774
9780486424736
9780143104827
9780811833462
9780307001467
9780451210906
9780192753373
9780140326925
9780805745252
9780152025410
9780753810743
9780883689448
9780152049188
9780152025656
9780152026103
9780152052607
9780613013376
9780440428657
9780394931470
9780385514415
9780743464116
9780316294522
9780810957800
9780375827488
9780375810701
9780801883941
9780373273492
9781117066035
9780822012375
9788497596824
9780575075061
9780765312938
9780805073669
9781419950582
9780944092286
9780375810688
9780064405850
9780060244163
9780816525096
9780373161171
9780345475817
9780060506988
9780552150262
9780671747589
9780805069075
9780801856686
9780700614455
9780806132792
9780743223850
9780671605650
9780446676502
9781591146919
9781853261480
9780786819119
9780679732549
9780822000945
9780521535144
9780761143697
9780451208644
9780736904865
9781932219043
9780743484862
9781904271222
9781411401044
9780553581355
9780060564421
9780061096846
9781578562589
9780807068960
9780440243069
9780735102866
9780871136794
9781844151455
9780142002803
9780142437926
9780425213476
9780060890391
9781585671267
9780553248647
9780553241600
9780061097935
9780060751869
9780553277876
9780553258479
9780143036050
9780140260021
9783596153022
9780439993852
9780099284482
9780436200526
9783570127216
9783596153039
9780099422341
9780313309335
9781413480948
9780446691352
9780446677493
9780553243567
9780553270624
9780553251791
9780373033669
9780962247729
9780156026987
9780449005866
9780806520155
9780553375268
9780822560562
9780486447612
9781562924881
9780071348270
9780849918728
9780066621036
9781576753064
23755004321
9780552997034
9780767902519
9780751510614
9780767919371
9780385601313
9782228897358
9780563496267
9788478713806
9780451412355
9780451216953
9780451219367
9780312335281
9780764586712
9780449231807
9780380815692
9780340878750
9780440216803
9780340766187
9780440184621
9780340654163
9780375761423
9780449213537
9780449204146
9780449210505
9780812974928
9780316954990
9780316955126
9780316954419
9780316955171
9780316955096
9781419317262
9780374105235
9781564782380
9780452286351
9780312936600
9780439236195
9780192835147
9781402725005
9780451529367
9780380725786
9780517309803
9781598184310
9780061096853
9780060086633
9780061098017
9780060580339
9780061030659
9782226114976
9780553400038
9780823410781
9780448444826
9781565124509
9780449700815
9780312330347
9780330419581
9780521439619
9781565849655
9781565845619
9781859848982
9781565846715
9780349106717
9780813515243
9780152049676
9780764127311
9780761316800
9780813027050
9780140445145
9780240807386
9780688167387
9780670400676
9780195156324
9780140714586
9781859843307
9781859846513
9781859842782
9780199210701
9780631233602
9781405117074
9780596527082
9780596003067
9780552152167
9780679762096
9780060543525
9780060543495
9780060014315
9780060952433
9781564775009
9781886968059
9780373511624
9780385239547
9780679890522
9780007165162
9780446354738
9780006178736
9780743456869
9780671014919
9780743484312
9780671027124
9780671519186
9781416507772
9780743412629
9780671004545
9780671046248
9780739447345
9780743206051
9780671888589
9780743448949
9780393306231
9780300101621
9780393324945
9780321478061
9780060598969
9781859842843
9781859840542
9781859843833
9780860916284
9781859843987
9780452284982
9781859843406
9781859847862
9781883477370
9780141185163
9780809078677
9781590171103
9783462032178
9780345483171
9781556434242
9781932416237
9781932416121
9780241142462
9782290328248
9781590170700
9781932416381
9781932416480
9781932416015
9780141180946
9780812970036
9788497597463
9780743428675
9780743449021
9781416530817
9780671039950
9780671039943
9780743428590
9781568950747
9780060092726
9780971702127
9780671039967
9780671020316
9781400000746
9780743457873
9780671534677
9780671007638
9781416500506
9783442354566
9783442552962
9781582346816
9780747546245
9781416917465
9781416939610
9780689873195
9780809230419
9781593080549
9780441627400
9780156030939
9780140178661
9781401204006
9780618718740
9780941423649
9781401212353
9781581807592
9781594971228
9781560970705
9780811824545
9780156032117
9780373291779
9780743411547
9781568958125
9780373288564
9781569800362
9780688039691
9780755301942
9781565125605
9780786500734
9780373513284
9780425191194
9780425157466
9780425145302
9780425104279
9780871881786
9780425103647
9780451412331
9780451218292
9780743250412
9780140149869
9780743203319
9780330373579
9780918273826
9781566890649
9780262510875
9780060723934
9781582406930
9781401202453
9780785122784
9781401211509
9780785122586
9781563897566
9781413900309
9780345419620
9788878193284
9780345476876
9788466620260
9780679410508
9780345422408
9788466617116
9780345397393
9780345376046
9780727853417
9780345373946
9788466616201
9780345476883
9788466630030
9780375416200
9788466606608
9780375401602
9780099269472
9780836210361
9780345396686
9780062515674
9780007179732
9780765305244
9780812575606
9780765346520
9780765344304
9780812575231
9780007145591
9780976401117
9780385236256
9780785127222
9780385175807
9780586071397
9780451219244
9780752849188
9780451215772
9780451210555
9780752849195
9780440236733
9780440220459
9780440236702
9780140444575
9780192839428
9780735619654
9780747251828
9780486442136
9781933372204
760789719271
9781573441964
9780312425869
9780310254874
9780679731375
9781898253341
9780743292498
9780340686034
9780451207500
9780743454148
9780451206527
9780312424671
9780747252139
9780593052228
9780345477019
9780439560269
9780864424655
9780714846378
9780195117950
9780811215923
9780142437896
9780618048236
9780821220801
9780060928773
9781400076970
9781590511268
9780521009379
9781401201937
9780330481915
9781933045252
9780521293730
9780143038313
9780156028523
9781590171493
9780156028417
9780143037279
9780141187266
9781590170434
9780156000598
9782253142423
9781590172285
9782253142447
9780156551441
9780156028479
9780803731530
9780689868016
9780312424916
9780312426606
9781891885266
9780312425081
9780064407311
9780812976564
9780375829130
9781423103349
9780802141446
9781560258506
9780802757487
9780142003718
9780385497398
9788448306991
9780349105307
9780345369079
9780312357771
9780563525691
9781904316343
9780394746234
9780679601708
9780679601128
9780060757403
9780679736042
9781586631987
9780393040586
9780385040204
9780060936662
9780375700231
9780061122187
9781877058332
9780064407458
9780064408622
9780142405499
9780064470650
9780060594343
9780060594350
9780060736255
9780310263456
9780385721912
9780060927516
9780830819713
9780310210085
9780830832941
9780310257868
9780310243564
9780310252191
9780486429922
9780143039532
9780743211482
9780141182582
9780679643241
9780739309056
9781841580821
9781859737095
9780529123459
9780618705290
9780618586455
9780618582150
9780060815523
9780300095241
9780880291231
9780226134345
9780060582548
9780140018325
9780156001991
9780141805627
9780141805610
9780141805641
9781555834531
9780151012978
9780156032612
9780064407724
9780156032643
9781555837235
9780231109253
9780241136829
9781841190495
9780156007474
9781899791668
9780060997021
9780307343123
9780812521351
9780618554591
9780140818031
9780140274219
9780786704545
9780701125592
9780310330516
9781586212230
9780618446711
9780451190147
9780767922081
9780671792800
9781400083411
9781590385814
9780552148085
9780552148108
9780886840495
9781421503196
9780881792065
9780618772452
9781401881542
9780449210840
9780449212967
9780449215487
9780449200681
9780440224044
9780802139702
9780451211576
9780679832690
9780964366565
9780099284765
9788484034346
9782035882134
9780312288013
9780312977672
9780520234413
9780312643065
9781580012515
9780679729969
9781561587384
9781892395566
9780199203611
9780395051566
9781401850685
9781423600763
9780385732598
9780735611313
9780974811826
9780571219315
9780060586904
9780517566091
9780802715401
9781590303160
9780451205148
9780735617223
76092025986
9780838814604
9780553280814
9780385340359
9780500281338
9780201485677
9780767900959
9781593270032
9780804831901
9780465039135
9781902538341
9780793536696
9780786229987
9780786168477
9780517091265
9780486445083
9780812971347
9781400078677
9780761545644
9780671877781
9781574881721
9780425206867
9780800614287
9781416532828
9780192802644
9780896583214
9780375757815
9780755331475
9780140620665
9780762408283
9781561381487
9781406503258
9780393963328
9781841811109
9781593083236
9780006498865
9780553575651
9780060757632
9780553565690
9783404283361
9780425199350
9780312956127
9780425214923
9780307264626
9780515128826
9780515122565
9780099416159
9780670060238
9780061214967
9780316013949
9780140621624
9780140367355
9780143039150
9780140367430
9781402732980
9781840460278
9780141441160
9780140274233
9780192833884
9780192833075
9780140436075
9781857150186
9780192834676
9780451160317
9780451131362
9780671020828
9780812555240
9780345461674
9780345461629
9780812590562
9780446605168
9780953284122
9781900826242
9788466616928
9780434008179
9788497930970
9780142437681
9780679767091
9780060535117
9780439357913
9784770028037
9781400096084
9781860469862
9784770015440
9780679446699
9780375413902
9781400043668
9780375411694
9783791329284
9780835608473
9781590171707
9781933648279
9780812971453
9780689871313
9781581348767
9781844740444
9781581348095
9781581346527
9781581348132
9781581342475
9781581346084
9781400097036
9780449001172
9780345440839
9780761327059
9780142003565
9780140097368
9780852237519
9780786849604
9780786851492
9780439443364
9780786855032
9780786855018
9780307344670
9780862786021
9783548603209
9780307350053
9788497939201
9788484412472
9780307343109
9781400085910
9780739336502
9780375846724
9780375846731
9780807210475
9780375847226
9788440699473
9780375947223
9780439994125
9780062511409
9780307274113
9780061351341
9781861974426
9780887309427
9781594860164
9780066619910
9780394729640
9780140137002
9782070323289
9780140054712
9780142437254
9780743477888
9781415918098
9780684833248
9781568520803
9789681907198
9780573051333
9781855495098
9781932394610
9788466318778
9788432217289
9788466302296
9788432203237
9789583006401
9780061199004
9789722331685
9789722332200
9789722330558
9789722329989
9789722331326
9789722330978
9780140231571
9781560254416
9780140110876
9780140131963
9780060878825
9788497646987
